348042
311946
886767503
255632877
21972338
22326578
5476085
5724313
808377222
753255
774116128
3733
6991
6131735
407452532
292658989
1380685
810770748
27414520
813655812
68640540
2
30848292
2
68
553288061
85738
7
12116
718946466
335353634
62930
928112361
97672589
903
757131579
830
25
85992411
788795
777461030
2601617
6214399
348411938
411
859809790
9
614269
712424
759621212
6
8
763142359
525363589
801115414
20230
7644
84
535856528
522589531
352297506
2
37
2850
790538651
6923269
435182370
745476946
47903
723492525
722682119
1875
136918066
3
973
61411
681228725
398558588
216223902
111541669
5
298133399
282873381
10273241
972234194
2035
9360
28
377503
823
90
604849
990827709
957
739232
6
527740
764725592
30279132
1
49464
34596
34601553
514430429
153757711
87597
1729
149308
98251
469733867
106110016
7882087
9
299388
4468
12545
4
4860161
17437
403379686
111996330
3815980
568
8
812841656
86825996
9943
516110323
6143
3116196
803091969
56252
8208043
698264349
2483
538106030
680026401
983116303
676100649
27384765
5667566
738
238
48
905498122
655705903
854269376
55930947
4
592113850
792804626
317060510
958523738
926
197668753
650510601
446947331
827474785
482936998
88118182
83344
8399077
71685511
60458
8
2596795
882903252
397894200
538725076
449321935
300398298
936722341
336527676
84842054
185871566
918153909
57090982
5668488
251996839
1
28854716
401983
364369277
548622
745770786
77332
448961468
4136215
342872
80
25719
269424532
12054345
200
52636
599226592
42871691
61982644
293
624731108
38662969
5990
972911922
5564
820097505
355224
546
5894
4873826
1055501
232537005
529451829
678463274
329626633
959
962902483
5871998
8743
72857
15
6586
477451795
8313992
481368658
117903873
46491379
850766820
350744436
806966162
298271572
49756558
472802568
352
642853007
90793
583142
242597505
410041344
259580182
594889
679715580
359912660
98
77746
402
10865609
296289097
6363
73325001
2131484
873437744
40009402
250
81
513352661
482574948
198902093
2
2461583
611641075
9528057
5
715486432
1
344
73404
269346794
662392252
244716825
152047098
35366
976536643
852274670
90797745
3131
147267140
419224914
836956
965396420
1512062
98235347
56218068
716624897
7
18846472
9
49387
66
458
351146712
29438817
3
834103105
573408954
7713
708789556
302411694
22105
15753590
47031
97029
552298431
85513503
51591847
65002212
5674205
198231
3778
825392149
474184574
14
971478325
61665
262115206
377794265
258
9050034
6666899
4
544708256
25686278
962052384
74417651
761519850
6916
3527
38584277
6593086
12
37275635
645337093
533032104
50455
1770
7857317
1183463
63333496
601936897
31
463499196
140633
517124299
111755073
848370218
1
136690797
33355
8
497896983
583926533
460939
704
447410
951078265
82
879537952
37209
683324566
957486369
51594655
903372703
26878677
767465810
215490709
350248377
6
96697692
531805
224250
657
519236749
859377804
365722
940409531
2746455
231435004
323092446
463792780
927022272
63
1
16397124
298694415
683
47
14
5081
237225
3476490
13032554
813987238
36452
637258249
9468
87458631
60
726584908
194027784
867532
697632106
4379490
82824
867106994
60862
904604353
156537500
1
211241325
5842770
90931
9
211174431
61
717510554
513482818
5333
567
9532010
680333301
5
641886897
9606162
927
461546
180506155
8623
9984
448939318
9
487287259
868819594
53075
362987051
9450426
3
315208810
51149
409554657
104726774
244553967
832768
962875846
982414713
75045450
22717
967260411
60
926024995
618265819
689492621
52009
4730
159840941
685365154
156371
497147048
786325783
980834344
804294390
66175551
3251
631983
175635945
7881
5463889
232833850
260220749
922672417
205899040
617
967686676
525003308
961530681
463073912
624881541
853290608
37571215
7
929230
145261904
14108044
877609977
4
52327067
60382
3378
835
88311928
681888992
986547130
324927297
59782059
50250003
3
17228696
859292291
63885
283168631
96986848
860055224
565296659
685847631
632933205
998303663
786554922
838
300820658
970729
6112426
374089
1475
6
8
189259248
1295985
811129589
731235813
3
255213772
587626
199824
7
187889
896890317
6371338
5
9
593280273
754032811
505374970
962378
11248127
774085742
384887120
5668082
629993908
77273
7
84
113
421097946
759188981
52
5
9641
6996626
453607434
510836
11837
111319943
599908768
192783547
780920
22415914
945874094
77098
137854538
889
94
303594235
981197569
95237619
605519
2
8
153478578
84572
998109
254532808
3134
7975958
68628146
2579
619338217
820528070
184
31
9657588
72133
577279
176429758
9513995
590057267
8775
663857431
85707475
3152779
549839088
6
28
50696
615788911
2004851
3
1
8
907527870
969567469
49
730504128
4788
83659325
893780700
567
967558
9531292
22438682
914280795
942480518
805380109
2483528
480980
255301
90300
464382
428
801507367
526296
110044606
6482508
77
14255
749888538
817691986
5103254
5
801852715
336193838
11495
963
16855
146194799
9140763
66300
910914436
545230711
548240103
201872
638
80
22358168
84343
6995549
448559
25775597
86437
37827266
407511326
227878023
501748313
491928234
271901494
189157752
927
439430
4
8264
16450719
25980
64258
941581478
3443
152451683
758985179
702376494
88
867
71
4
281779
701604197
885199194
635153
411
237758686
474709
7
7338
10
8674352
6903
905244554
64549399
257151407
68577
368
996990560
5171
871453217
30
827414452
940886729
451956634
71
54906245
582
87694897
174
42625784
659148553
431539157
965951453
4
310210407
57
167180968
440008447
126253178
893489737
758079
98488064
80596
396858420
894350249
94156437
110674
9279
297814124
953
25283
996995665
984136074
7
201592096
916
229
165108061
34
74184523
263
61777311
4
1064725
753042
4
26
616311862
5343294
543893007
996
462197133
8
752921525
659729
974328
661998579
23930855
91356339
5
950318313
746832017
503312057
496336894
95
8786
685266104
59
459050931
37703309
16
996170916
5
93586
19
76987
505985514
818693676
8
55675
55739455
10846
865233660
61950
988480559
472963
240406
82080730
8
33000
65720735
66557
85
19810
55493424
1
733161997
19812
16806
806126
97
7573
139371714
5
5559111
730309211
5437
121239443
444529840
75
710241388
449075560
372
215234641
819308410
270299668
39667131
4665583
797861
15
555344317
3
593626275
841224072
5719565
17475097
173613425
990086261
987250238
2770816
61328842
32004
233581681
9
94691
963370332
755391929
788539338
46
43488
842087557
2
4033891
187977298
283863732
356807168
78779963
17
666
264161945
56700
841848670
75717
247018422
5053
318764
9
478958
899606429
209453000
739296
565727401
4249253
888136063
115394960
23446
1
3229964
256919888
37421
382809872
540909138
4
778479353
576716
261539567
720696036
809435073
73
133407
261875902
8
42076224
6
916742307
75567
122846869
8456
29
650505519
254606636
926396
41840171
6330129
920355692
543786216
8029956
755635
12154
310671773
377774856
917521345
519627355
372278263
844054
4339730
55066
444965
714787029
4
553781480
959287769
279077915
2308
555300726
31646287
59585
565429593
4
133006350
167
105572517
4881694
640551995
414
476669081
998223637
819088414
54
6235
26293013
50
752202752
350101881
619617688
2805308
827111915
32
925195274
37249694
2
132436
417928039
3800530
486781831
3
13
2
2
27
130472866
48398661
271043365
460689313
63
495179177
225674462
741144
3868179
2292
249
73141
597608
297005911
827048792
49
41794
2
601769681
8179
364425
75
66382322
765
1
180032
55464
682994950
5514418
756
427
1535445
37392
264009083
1627057
739916815
221247809
896925567
9154
203203146
53
24311164
263499969
50
981569587
22
5546633
2
709358981
963233418
24657
678687
98
1145
841398
4050
91218010
328496866
961024
5
1
871205998
24108578
7558632
545559425
42586
549609
9028268
378533383
49193135
414596844
78918734
553
710
869962541
147435091
435691
410599
283
7272
692465978
91091422
719424793
411045102
153926583
448871253
214245562
339724037
12
705475400
6968926
37881418
64
116582357
314801580
660225
9021508
567
66253143
9901
486324446
834611517
370585336
2074
551612294
459453457
635137177
81970372
125773
822604006
714519065
3068
611281972
9
1780
9
11
755916470
117036187
384985207
630
24186845
904144673
596822163
205587
702
147319363
507716070
40059776
87
414789289
13057703
533508728
537272862
2466973
869397553
214944918
96344145
1
421151185
2267580
372183765
51
852810
548345477
209298444
46718126
62662
818
80
82
715246711
755533177
264052115
31109359
48556021
6645
19132
60740
6071284
69472267
228480337
5713976
844
349573639
36
67520721
42163
902427201
3725510
26734183
1
488537623
86
727869
761573476
53663394
1759
49932075
224408710
13110374
73
36482171
15607943
233791032
1812
95544185
612
4973263
341130
6597739
340742883
7
941628242
371520335
128063130
764225497
794158485
233931935
326712227
10538880
30276
117450801
465272297
48773
925781117
505597831
30904563
73081834
111192723
6889363
809118701
72
6092900
4194
949492061
103
515
8327062
513
825420687
1
7604046
741
559
564710505
161739110
9306453
67303
56501
323
263802332
8130931
320
53620518
507093057
4472
6
38522
892377864
809036396
837581068
5
607603662
328071
95559
5418359
4870
34017275
76891681
301214
674514313
55
35361507
7115198
94
59245
793243444
281969668
464035326
569421476
602021770
68488
4746
79
80
59357299
762655695
68628595
590810011
283
38234
944
82
582
73214
689713914
66600
7
94
40
62357375
10327
6
54603113
7486
903245954
663882
7
999258
20216
7746
259574851
897020938
817879112
161278147
400694002
852010022
815
574075305
73220
5
227313155
7866034
340
40534
492948225
535830632
4031176
49246287
984880574
741077718
229
996805790
1059701
889692
589563949
4916040
9819959
681590
6511
313409539
7349
433327
89945
56
5
5763
88407729
282489761
54068793
1420933
677562658
602126618
292670756
7
841554308
6882
5743470
35165552
402984344
21251
4
107312543
48
165461387
51
408339839
280571152
467178668
275040868
149412047
27281546
479860899
9936
1156147
625623362
32
252
660163111
569318424
356149372
107754
11
920699090
7359
445701064
304570962
755521
577820199
19837637
358998759
96087
362739054
550359846
8058906
655342
374192112
94349021
465102
791824987
400491386
4007
65
320
437925240
5615
77961226
198496858
1
442
131735668
408648960
74390148
383815005
334481314
972925161
773995858
63
3
13005
93937970
879609587
553122377
422386718
587
711860194
54
998546569
820701783
4933906
4
781212832
86779
504888917
941115358
411632386
25507604
770322754
426978172
62
1818518
3096592
21
37
606857755
989326654
320175842
157154584
825444071
8906
345669546
435828024
85850257
8896553
9
104111247
163462114
205918405
994186709
43
390724674
828729912
771207214
220109537
822582715
6632
15
5
98
820350412
6742
44822
262424928
178031065
77009
981956240
53
996233
18193244
7216862
35
8
92167993
6645372
578245709
501603
56501370
305464
16410091
51
650897
13
5334
747718979
47741
29
850324
55736630
695786117
476114350
3
342658
18
627946184
427626
16947806
1206
911529
29
526846
81
2
84446287
41387887
184656906
644881358
7111
336
169026538
97817
197773
73
54375533
529760318
89520
4801
54187348
7515850
731008657
955414235
200798198
432191800
85175508
67
6836
80212
849667142
775822106
414305272
129
36
409537624
22282708
587694
92
7
239605880
6850272
98
700799
271271832
533104790
5958
4
81116128
467213576
825451190
865805579
685515
215427055
76355109
30190194
54457554
348532309
321659098
112
37432606
789635797
64017
6
331058920
423281180
461772413
976
7
187780772
651175381
192168111
9944
831281
2
268901
720004310
90145665
603272829
354304278
271432057
502677781
513074112
71755506
9
82069
88
406
965861349
571421
58360
89484786
23387215
518099730
860630
753
230945
137067399
943611491
535786
99224
20836463
185499393
553673594
675
63512
567577867
489181939
9024
72786621
616643850
62
451086888
440665157
368397
8989
9
538275413
73945
966781019
228
131491821
54
924127518
965815963
980032305
880050440
653
9524
8442407
78
435156
105169
477357988
2
816082478
22
705396250
2224864
9898
412246473
2494185
570543556
657996744
257567829
522387824
645
806
882717051
383152
378
20
856386496
524
12
8
47800
371908
595116469
51609849
3
5
109256888
75
46266192
208535816
765
306344059
965685558
1
9091
533089145
542728717
64
3208145
86
1
9932
9337709
75501589
885604040
4048753
658471192
4389
3348481
75972071
828314723
401
14173
935842273
776300827
87333
894597594
847267500
50239486
56126359
502648575
383127161
974948591
7980876
51946231
905017804
795333566
2
850682195
207961995
740554951
540240354
391621149
123060271
582240335
605021839
7365600
513682039
11275217
13694861
481137264
6870908
381967633
43238767
370703789
590
46203087
3
42
453480372
588354027
448101733
4663813
225772913
14863217
325941729
791521
851694
607366309
746517304
5145481
934782808
612739442
5238
573112856
359527374
125560497
567288
78
70845
608008832
7889
78598107
9
8191537
125752002
283954251
5208490
594727950
362042857
8989289
84
20
14941454
2
221217818
24854
12481560
10909810
194
78
761293369
108167017
60802124
9371396
13
462109428
515366503
383880915
947907
89520046
430192
895488456
3
424023872
353478998
67
652889059
5550
436261094
775
3663
57086455
941
26559
52974
38086
791832750
224649614
1752274
5510
801583848
506404352
7824
857342491
2
648205229
61237
2
670
35682
4822841
640
79224144
54
657387738
255679180
283
621864388
776251628
52044086
852269893
898
709467558
527358
30250096
175870221
20862
675914442
74495554
199229697
8
5252
293930167
7257653
183170504
101
862
320993711
725
46
60222331
468340136
2
260626973
898697107
2564961
498899162
132566391
80113956
3
504756016
33506095
118793731
9802
3
68863918
25508435
52130244
1701152
867791484
37
992212
77312190
370408518
391996740
625045740
960299562
92
84
318606
1
217002453
540707732
93
3
384449844
5387140
688658989
372967111
701981136
825512218
524120
90002087
796844
7163
133361225
109018952
3
4724
252437635
2
8
954694091
941077043
25817
929991767
6461
195167059
601023273
55206
2083
84
377277981
53116821
2999
560
72893865
371106871
634867123
3
118207770
872662255
5
56659498
8
771608
927608613
661672554
48357
3
338393179
83838
53274
679697635
138451
440558377
2752
756864648
143629795
828344910
4935
57
471101725
288324230
45183
767566934
439803732
219627382
7366118
437415165
239
868530193
815927123
3328463
834894501
760833194
658782309
12
3272356
8748
30435390
382228565
8851
461361341
832604713
22
116238906
74
166258364
974292390
2797111
883625449
283
348
4314550
288327
213607337
2
742167355
82818131
1959910
112211466
788755089
45716
8222771
6212762
215253461
384315015
8717
856153589
16056297
2267152
526
5
28635
6687994
480344080
17573
7901
917531434
8127
35152
379067796
32080331
192052808
705482224
853815780
246273983
2237
739094787
149804939
1
36515605
420849720
771
975943721
8
474100169
702357
202426979
8861927
40374643
5554
8
991152443
49219
698475647
13208774
295
6333
2031472
592939834
49920225
640134226
341685
860728580
627766950
981
63
239968943
354391965
213130797
4
99271
53358206
1
3
6887
431045170
192707462
1
973782138
843857737
86024
589544703
32626675
182507164
351308986
246261337
301873274
4942460
955585534
66783988
23517
979199099
663044659
893
901534074
528150
2
162679419
222854
881177899
255753174
5953
73348534
765804965
9904
71152650
8825148
290308700
135215934
43892132
436963
443138486
27
82561241
342
46722
719116568
38
5441
5924289
848120662
5
504557205
887725503
270517161
3
71173
83
135633815
584383161
8563957
520538006
679366864
145374883
4
72777517
894079501
546559
655138521
18
2388397
685
3
169219363
119760
892147313
982397956
78149778
59
3018
53
31537771
150752367
46188
130
19
12
47928628
769826
980603206
1440
886396743
59
296790257
6735
104873330
9611
8804
46369
6271
4
5666512
87607
129926056
863
995720
582426135
589664859
642985628
68154
640010015
79
45
5
6075
953374010
585972724
76065286
24853
97079
820666215
330
9866
9
413950367
4
779084994
8715
60644490
703632008
949344299
636884132
503167834
7749
87215
401722809
74200644
472838738
912324664
1
51375596
667958986
866
6549
530485
5
189049031
60324
501825854
755069945
58600544
817292421
13023425
192650530
550279445
90846200
78221742
1918927
1967123
80
9844166
384279671
4
458379047
563754056
305321764
288
108698308
55
9744
42038
624249238
3791123
2341
81226821
68740395
615
2
75
252591762
372
406
7
497353
150123744
8564
94686057
133878392
26
5
2283
67
5984
19
804427
6844399
17
376888020
86268995
25
368
273588898
3
10071
431665735
946260299
3732
253978883
957403247
639787290
331070079
1
2040449
9166
73235
369703955
611512808
42190
86593647
41725
2036691
61
9
36
801913069
43697500
354303828
76469370
379001709
706
308997893
66
581794622
50597
724653575
922486654
422
4
451853694
5000
165
787031499
6772249
83215
41
3
40200728
588661582
904406349
666174973
12880
681322655
19231
4753
7648559
5
397023450
2551484
605571175
6381449
7164880
113685325
2
196204881
494
46600719
15516189
1694518
914991065
95870
858251375
87544
171653081
293066
170402204
859016648
2
314892840
90905902
773551015
75330436
897
84040335
549161253
336035445
4575391
544876835
157747727
48
171550702
609966367
317048
38807
577286
647627221
1139003
811769858
371991482
989955791
517261214
78
9835063
930349711
73266
4046082
1637
95280
92792204
55391928
169074084
9579257
9624048
38
11964961
918267426
111288412
366901116
8627
253864963
28
924
7
95399762
28
963350782
430597371
293817976
136772778
380190063
696471696
89
1772
58871144
308625
98385157
224955778
8
410320598
998864042
18448246
5753
433382173
6166977
602214924
26793
10324520
72354102
589619311
805217044
34301093
9679
537361074
749040554
25487241
5587549
8
763831486
450748431
2300052
607720829
74687
6352954
164
969884090
79108339
14540883
461885
772906366
955899054
44380115
2588563
9429
881766563
315
798229934
8780
886840
466012251
192743
61668075
2362
785940658
685152740
93529
165396127
323
151685333
290090134
577
904723325
8931503
6960650
96
79493566
72404
2
60814758
677835
457675517
874102067
921999781
373511
818187019
436597951
83
855665601
266482857
69353666
833358199
575890942
925539118
294749554
330361289
24851118
2
6121
117268510
316
771
961551
623
978418
184933503
609916164
17568
541944875
743632424
236475286
31147995
40612537
755421192
6742
21
108517202
93921
200524229
190720462
12237722
68373
812030057
714080382
4
861782843
352774
624839582
57667178
649861020
71612159
622735394
633
229583
38
982012560
92056308
3947
567810
3
693
9
549600528
688870865
61380
83074
3873754
7021
3546
753678672
2
870244
623627866
485265973
15
862109842
390981231
15
16719231
876222
268922357
808684235
452220992
8711758
26
2546
255905660
667049
729651800
892115194
637646929
7439916
81682
48914712
7585842
55530496
477238480
9
67745505
969767
458713376
489948
397090535
58
168463597
171998746
488761683
831
178
5
4056
793512544
109
226965
418010488
73854636
22446
850
707391958
833991940
385944395
7232884
408046
134817459
783503690
7843954
407822256
5960
652018801
124922225
310
808304553
99818824
73058643
611441
26
62974954
37
95027
6
96
391708748
31689613
76294
684759746
3875
136881114
497
4422
886709820
496123
343645
20
76813268
693566328
864462273
689726054
765327086
982908692
1
178111390
447966686
8431
290699241
95353460
328
89
127819
23357
171726892
906546403
106089732
729735756
427289840
567357210
5764892
708
92211527
35057061
63
149917300
455705592
314669718
78674409
1
153
456921110
863477268
606205350
5319761
4802334
902615643
936448221
76055752
8492129
31
77
72907512
874197916
87
968305096
6863
946001432
9
7253363
891243
370475115
888909558
133
840592361
494188
843714076
1625
866077
884787586
433799695
761780170
391880147
870439312
26464174
61698278
613080137
6842
952
824800281
830361096
607732144
766362740
370962493
158965
284658734
61
699691394
151863241
981772753
181595243
113690466
169968676
509142560
272586918
8812378
612697076
274992166
8388595
161362949
5124656
695527887
957208
45682
8842
275529
999013347
529100
9710
6277
813371321
84
699586554
155456048
91
2896702
11
279307453
718331243
557093070
562276686
849881091
417488696
993512409
508343045
71
74887114
7038
325476000
13214512
9761118
28929
155263334
391612323
1133917
70
6891772
925804502
4
200101309
514
510615059
551941990
567381618
450708
374678721
819079671
41
517646382
52339221
744188348
462351053
615579
946662271
125490755
405368300
932273355
74
44241
5995201
168368941
454449081
68077534
2
6366
9922
850
212100110
99
909369061
6534779
381130024
490835
544237779
360550
978668
9
761243746
657394214
888
208
1
284121
61973
819
679999227
3212
15972
218159
2746512
7442
71057338
429
30551221
500433274
136
9390397
1067
156795901
9519384
6668
8013
934
980571547
58
66
9357
7
537956047
24
401396113
54
6
319370116
20
838480752
788470
79
966611
589978276
529428557
62271
12100684
320185
47065554
639417551
557656916
969494507
462608356
521499
3417
605124125
265136312
400344664
842
8016
896848626
244723753
711
107204274
423489591
44482
121723417
87862
889
43
20580586
29
332
176194876
70001727
1277319
93824
46
44855
971631175
14
1632
34140
786
786234
247193172
1080
63815763
566124919
51455333
8861038
864549679
76906080
4
24616324
8
316
1798735
970529766
32892778
826993304
93610247
2950157
759275924
4
47854673
45
944040139
918064986
855180454
77
26
270
972242975
384174
800
7758913
54498
600800523
95678
32
63505302
607
83620
969580291
21139597
8676
696218120
521
719147466
559360878
131
24
866352
1433
24785147
898141594
175982554
590601384
327724320
94063020
235952991
21
958722640
198549
2015
6367
552590199
1
606303569
67238838
637
391
24
18674872
336406363
88971234
846859623
982767
572
253069683
25169955
6524
929161126
974529680
916987108
770038433
104449525
12137852
593566496
625
462660565
973816779
660760125
561154
806429920
42133
878631
725373700
43716154
81142
6749432
96967051
892560088
883462054
5984
520104116
621481
44734589
576145395
303169940
69718911
5032450
367
977
974047988
1916665
23
403745
4346379
563431
64585565
13122
79518
93746678
6360628
4
56
907396
85769
5
7
186578620
725728274
8550
446751
849375907
5
955221
9665
740176911
807708941
613600299
46041173
38478549
61646
61655407
422993
143663824
428
334
28821
2
8957
396
986073
5941732
554255587
961000100
816
664460604
4658
456280880
101153643
150561
718887014
3
254
384282636
985650320
47
168740
372442327
3153
1307977
811757158
74739210
259178312
9963856
369175392
67954471
2333695
138276240
4206760
596839895
293575155
366712345
714403610
42910
940491494
200863926
589137496
591324913
327511
51063427
918864195
178936371
157813589
3241
693981
1772
128708064
775859230
351
856
583
4259
738789570
612504474
295166770
841988
3389
603886038
514257277
78
26256950
152
347
82
481426790
5
281386991
546342378
8248
534272841
919612603
10
384663
91793
519947125
291221866
54
298146852
571336379
46927757
57995
68
985698779
2
326645460
46796787
272131080
7234
497335919
587094
277730531
918124
1802
753563
72742
927573577
658920
458533739
113930492
74
257964589
644812378
107115466
6467
959
654118960
277431060
637790455
49669646
3865
188722
698015033
45
2
43728884
630486068
889679366
373333
5094347
403872775
19795138
883530802
881825
711505
2
53135247
80629207
277312463
18265034
3708
40197966
794474162
932087
27826615
120
696219324
27903596
333524847
9793896
370073617
382240122
29105
982518082
2686
643936652
53390
354824124
825006838
86717138
10062
693912318
928
398
395420339
931528
982684362
49495059
452235483
29130846
58312
32098
4941353
57620189
978651385
1
103200652
357207655
356
448948
865
880847
246667242
918894880
219668624
92603891
735276539
23
1815
889107757
6305140
160341859
9493421
1
941640729
6
430019915
575937180
8459
9418808
896168
976990582
651
80491424
398392024
619133161
7206
3820572
1253299
82276385
2635571
710897
111838359
293785903
195642711
158132
880445258
74
4571
1623492
465652620
72011
1
453933
12164
123926316
257368669
591814
6
752630799
146039680
542520
15
13900146
366656878
8
387199277
67
549198531
782163921
749960848
719594155
60717892
8
128029800
640466805
845548204
228618708
71937041
27607026
8525053
7
684
844547366
884209215
530539690
726550702
6546688
1
513088254
999934959
30148716
291836628
8538
3089676
900
42
723535608
29831244
12592
98501111
701268595
762475
458762525
790269431
60821273
3162
1687
8
82
189380766
794132
84052
89624
368989449
92
66
511822
4
26
986389
1
594650270
529081609
877271798
251
335209649
68
129145866
825304409
713649482
230129131
557898617
269206811
104412698
406
208775061
447072482
79225561
951392323
491876
2374487
258548162
964833
65879113
3852341
149479342
830770974
22
542465953
62786
751653613
701
69353418
897376273
3615
70719630
665200066
79
6000438
963260684
224860596
224677279
760928
750925707
8247
468960825
5488133
550325457
319770637
28518
2398548
42585175
2532564
81490786
156917865
962352652
618505139
1748856
990
748276214
601151
78640
93
731023021
3948
2188202
44
95
916256670
456227777
1
749331324
9559801
7
777123240
463871118
369766963
8273
34
499672314
298934200
72144052
894497543
569319838
700015
153354633
882860752
474
7891
63983
7
792096740
4533929
55512598
5
962537188
865234356
1
812546909
283
8750448
612677515
683545293
705483163
968657176
22051452
848912
29280
505688744
77
512244275
645866573
727789
9
3754159
8
762394712
24
904305505
8
291567080
78727
828533
91768
40697253
384484265
53043200
621
513
977817674
775178492
8
4840188
281879117
364015201
20622753
7960
990309541
232435093
3444971
930811811
598813920
4134
86819
440090247
7768
386
25199928
41056
440262180
925382
54478
26017
736112
165671952
750973222
7658
229108235
624123672
57
714281721
513954802
701316479
6
973264947
15433
9284175
374302544
890116811
825612069
1090
221343513
651046600
383387222
872179967
526779946
920658368
480061538
36004738
50654633
579155553
543058353
38572
9208144
759064019
514291565
291232325
46565363
5928770
49790499
335994004
255984038
679
846660529
757074
6890257
37348284
705663110
2681
586833762
17699209
18153
293862692
8620530
744071
16826
9884
213759631
81328047
602462117
4
6
9002792
10375
195833887
765132128
856
773
2393
549
443281691
166115273
848
27486207
776071605
63357
397906976
223752045
825709604
96
36302
338327333
713967217
7107
934844074
917
403111929
972372397
41494
71694732
17472
29527200
134481431
626
632313
825
195677648
937960884
98377
596983
927226659
181709
555566847
3988047
73901740
419424954
319
690706101
945562618
896335360
772749
68223
88
728437664
9082
964693371
328742412
7
146224810
899105484
1945466
4
897298280
958628805
3262
102571769
867390
80
8572
70396
32362207
12
8960680
294912349
788016917
22
428157566
776914654
374175673
15834265
7305
83320
1
45840
42
97294452
73603
680543644
271703
7908
966336935
5559
430
4437
9198754
519075075
450648743
967
34
894
829452168
323780033
866175884
790645062
2217995
51317
9630925
207119912
101470209
834566934
776721341
223581
579553740
465057
7544
21
1428499
927
690944062
19596524
58262039
355656
722185585
18842539
654777874
48
899
927
8420
974580665
425
430062521
1
685165983
767858388
3751797
12337988
990068667
9101075
5840554
4397
702929735
372252625
520269662
217495520
4
756216345
656610402
451769295
395072747
180154116
4099261
8
859137150
62140408
577895567
207961733
37265900
7169649
869004
610
201560963
61398535
199010336
329137763
669492
8409
941911056
277778159
116263
808448934
53862048
113400298
714
43751
818958295
492692760
18078
67271
29119
957337
576864669
304889369
71310315
654315989
491753084
453
244905
601066697
219027737
90263897
48525
714327
5
404561860
523198624
762881
152371327
862
5735261
974609867
15
778020926
94
604391
5820679
663282095
327
12888
980972452
4053
118185546
161151757
471355382
350507
82162
945
647164829
3010830
546200397
750697954
967
41918
676
174
1891
975336937
694068928
921244381
220786305
6
47560
7039
808879966
599444204
590728753
5
971389749
760117161
53405652
520585067
994166
20403624
777839078
7
362168661
615671563
159786998
13
225389366
12969
13062536
678880186
9
553372
6
992616
753
5616741
4760845
54540060
123704118
584260958
405458713
752552637
91
211890418
38477936
407068881
742
20277
41290929
95088377
34738745
3
63825280
656106
417136795
77955
4398219
368768059
3
33
367383897
325363692
190700019
6096629
63
647901829
38815662
696892365
780503354
440331914
402364343
818
701193454
374036525
417085245
59557
856850
877195037
1712
648010632
3
327784252
8825988
708396661
345631021
20388496
11609916
798940705
456237
7002242
7348
875916673
71
882548787
2820
251025782
911056
1688
752
71170621
49508331
604391145
6674133
921736154
67
8
76904709
3165
81404961
34
1776
6
401176380
5753
1
984990453
41669
918496232
637162518
29698373
8760716
789788
691857
10
957389614
622270292
294
22
63621
194259733
8
553524260
806086645
3014663
735913805
48
8059981
796029831
538005033
67
16219
98651319
575540377
866911504
68206383
1342
659444039
963900336
69
2481
873250451
328649929
793722322
3861
821337745
396106408
137054501
7690
7991
4105944
55145692
94055861
404196622
876399251
82
7624242
47477517
456
1583285
545943732
753064251
788922505
56296
972850
130626484
124433
704698
32952350
804204
3
1909604
4071
313597208
12665780
339341705
41418
729952616
435616398
3478
15
521986418
333406
664
474549257
60811523
46092
3485
657310870
913
743048093
7759214
5550
562093830
233057
751699200
6
683100
838313419
59620652
900033833
275477911
438951272
37966500
409
323972
601339
410
4935
161941450
8077
421241160
66
58015
85746137
39
346642811
874050815
295545658
36
81409
385038413
859393545
514978872
326559255
4
83533015
25246
278184086
718654127
859688785
3694760
749727
330472184
7589399
31
58480023
7
465391732
428579605
34093306
6
510404619
154916791
99
932584
96402562
995881441
216
905072563
4394735
72772709
7
867551
9394
792890458
782054811
953513090
2
6318897
72602
55198424
8859
51084992
739245644
432576092
237993625
229546872
417506853
331797690
48443134
9313546
716569810
9094
7959
2958703
371640585
78
165161
9
963
614659320
38643506
201981059
663512330
667353237
9
59011934
106243576
66769
198
13731
12724
68677212
24
526
19
225
566715379
669065776
822322
779426312
226
157030405
933457726
6591105
8567504
16
372152014
140540
993592470
5907565
1862964
253
886872158
373747220
784905420
91814041
806567255
37277284
135
7656108
522164
88034
824752
716577989
970356791
2616
1623
890511403
678121642
909
725254436
723
548699
8924
58733
946096
176564742
795867775
6231
132746606
8
76177114
47431447
775746
36214121
85
279541407
3
25649618
5072638
751803
789645246
171037503
2068591
831
905052157
764273596
935988760
8605
796606989
3796
91202356
75231239
167703988
3
356290331
12
342391044
9919720
536844
798118
2
7277
28395235
90571724
325434928
192819354
6962218
208414239
937429386
68
261326742
14224752
890015646
782
8100
4833
613842522
17761
12290066
934
472551260
3377086
92
537744163
500667666
371
843
258637855
9740
882737837
32250449
5227
480092223
7218938
374817523
7730535
217791951
571000360
394
387660
5177183
4078159
47429815
954
751270
7105
52
15025253
7799036
60013065
66253
6027024
762112900
2318827
4
789498598
80
41825310
942
92
9089389
398516369
20
7
144373988
891292051
84
5966
786
891379580
59253196
5013200
7698999
13353
656454586
196885
637584475
97880
561200726
205439443
550
519080641
361
412821681
439
4424738
9
4322
658059401
698869063
891186285
901603158
9
29602899
3139793
4
1863138
5597130
162
12594
6454372
899265258
4435
728292
97654384
725205051
346183992
190149247
689165931
856856426
492112877
5934
387503953
316335
2
242029410
450419881
45
49
938142295
600984784
935581996
92696
238443317
322478988
419381457
580289105
809808
635764507
160
3149062
81
35338
325628922
313098308
774
97
20723412
354111172
56424847
95803584
836
619874836
614
402778670
91
1
93690473
172382384
446308656
98482234
19455889
940375783
237002271
831
265
7644
826920116
82719
6869482
454628678
550199079
65300813
168772904
803679701
877976987
59420299
431184268
38327394
60590528
36
284758891
972166816
814651621
2390787
790376280
54
130127216
46654897
84393684
2527
967
412472471
4420749
382342875
17
3
5019515
31299
723672496
208788270
25
481969922
951062966
613567147
55561493
224257127
180471327
698724944
2253
62945023
35
685
626
14039534
588273
256556535
272122583
456017073
686804319
507754613
8
93
949629440
52266553
934498936
660
675074239
345426472
906816335
9
49
73948920
51012939
839
45479516
2863
28296708
7750096
1
445422069
28983
255718
236952820
61
75099730
161
3286
450812267
72540
44
90823316
39931
714120379
663632
512617368
6180
94
348026988
970
605368325
87669316
33561
558428597
591326786
80990
979409576
748190102
985628977
1423733
4548
710
7516
527262169
261
903198737
3
9796823
3708
61
847968
345698503
33926
286
6501055
18335
923353457
50470
571359387
244507466
847232137
925019381
759998863
8571080
3
7
9268
5
166990899
1446
85570
92182736
23
613096683
87
8008
61200
822739658
91688
435283061
668214150
361528
481567634
79
452
17
572
5305
206364315
445860245
741524723
701662500
476
53841069
81792
344155325
3574109
290026566
118914159
3159955
87631509
284941746
708864453
1533
447190
864431709
685791615
14720
8114
844667472
291020552
994811174
798819567
2
36410947
83960113
6215
4
25102502
1344871
8409
18030978
715445233
157187814
56621185
2
9704128
638
421484846
61210
561787942
317283403
5
6345
54
37947536
53
273194
519117053
526025822
749943
134688924
63491
442168
604846
9910
244488114
97
968759567
436260239
86373827
2577
147324352
33935400
42659108
91098
685
4
269472313
461154616
8
4
62788
314917536
294089145
256291357
48135478
692385617
834183699
9884472
733339730
17356583
8
373396358
514741
119
555
88917
9051
31021
740643
99966044
16216
9580516
44282245
717853953
98
635496708
67
506504515
808748627
275682383
261742177
662771716
9
346386723
670884503
52235662
456011532
62994
8
840921116
5560
426037913
54332733
603583107
411574288
866544517
5840
52666
231203177
55705674
768049456
38610647
640585073
74654521
59237617
381820
104206
1939145
47065
250459453
121946484
814
656846150
670787194
81043996
70
665651
546432223
413791148
3435217
4226467
62406223
602111815
501753090
613918255
2
47958544
754617333
121820348
2467327
471166394
257
244756187
8
292804290
444
17972
769677
9862
5221232
273
923839617
62785
25100090
8
377706833
966088275
4576
2359
570296
422
1112277
76
14
56123197
660381
55228
919682212
5038046
61708
40152561
454324
7454
95
706488
4941
1454517
75161527
5128
61
229561888
704989151
25939
476090117
9875793
3075
2481419
89
8964
3
64061
3593
887390372
710571741
794374371
1
893861956
734502317
554024612
9936
90
636443473
3209
83
990216
730350617
30964
906955520
604
637
78097
437895247
953501250
58810762
91
628157861
7866753
862
306977663
3744
5280239
573631485
403679213
2828
347310876
692265780
822275217
453689
337433722
119287600
26
834266831
3856
113
439266213
355
83058379
41
924100
58789
655
506206147
868961810
73764120
8615
4
4628324
84
823096446
97487828
66302599
34437
788514020
264592447
40093743
1440
38
3
33
1666
880598465
4053
764
8
245282223
522829267
7339
74
401730395
702
680746928
56
208962379
4291
6701
72
26950572
134475185
184
632638299
552479985
298
55296
319628488
458941274
160117725
9953982
103078480
669430081
562564309
760184
167
534880407
738875686
717292062
818725
229046091
1579676
2535
1450709
874180
75631701
273131
388586870
67445763
949
3371893
42
39
21053582
502505900
220826166
578853989
6468
5764068
869522468
105008199
130421532
180198
1917017
776880898
3114172
798270649
129
68
458467
4
966975
3724
8565506
977915929
4859568
7367
487368815
98706173
6969
43
1723358
751313735
831749256
260082
687533867
39454548
545841322
40978874
87197786
259002033
643524659
81678
395183
337
5066505
23369
9506
498070385
60715
550448
4160
233
3
7456373
832185
9450171
680411205
85907
418067264
71340143
256
415573407
1223
889501
32
1171169
223
521962098
40630366
9534011
65069
972036490
78
21182643
933737937
344689126
5
2
2539360
183914422
476831854
298787299
691469473
7937
493188184
6
693888913
38609067
993
53
2
196
907542175
428
143856
9
4367423
799
793117459
991
306234527
44977825
110299809
2087505
299954896
26827601
9878267
7
800450444
53959943
14
69552
835545159
1804030
571783
8
5293
512874649
314
21122838
828120650
228265470
10
7958797
297
853262223
5
37348
23657299
223735320
2283
36196153
642530
886523530
202860266
4529
701
591705
8704915
398424975
7719
64062
842252578
14
164792599
3458851
400359446
18659
65748
591423348
792541403
8
9065550
702446505
728838319
107618
10607523
20823
1
92455
452143733
47107734
104454043
1380
660408714
753006063
331
30730575
46354157
148967459
7
323433
70317595
4
464851063
682
426221
985883959
5365
6321
1656114
985528
938801190
3247541
366823062
561032489
868347
891950083
333848659
349155618
107271712
427834325
7698
610776818
570
784575309
7556
34
217618901
226285516
351028901
72110535
7861
371481148
228788
470182866
76
590364851
77606597
1
904
988171684
770609950
773026697
3
76354458
294
192185
433247836
752293282
403408550
75
616202
14
529366278
5
52784709
4180193
648
753660429
85798
4160082
620905616
9128203
62
123123023
4242993
9778614
10899489
475213
336533460
20749071
414546709
40213
843064
373897407
37670
462204914
908505
369406200
463510742
5303
237720777
598944971
206905619
6
49077
62
674742157
3
2130156
813541627
7032
12
984932456
261804228
781592
7
221869697
400
228577971
702736375
904681674
542915573
826591740
486052999
240133595
4958540
528
586693531
744757975
947928701
34
711680711
847523498
89207446
963204404
238046528
757267377
276709592
5
125536
81895
287234489
665475948
3455851
399079
89
422139
55874827
980268020
59130669
925
43071471
6925519
83
62483290
906368872
309827333
698968311
923816999
242757264
14959
62419304
385038
563939067
7
462139098
3
2
915455916
217283502
554309839
343849813
20904
35856622
382603915
79962874
376034782
8885
357325224
76155025
436483159
698654619
224890734
72017174
30574530
288452854
893352912
8908883
18739
76866555
565260372
197371975
465163988
35471
4267463
64329502
412096583
770831931
193576776
728980482
89348
971508058
3122
764814238
3
7
715303753
2871
699621
44134
4310527
848957
68943
86143
21041804
26225258
72003059
370799808
781
132189794
1375
487
4
685043047
927574437
171935222
57
841785505
2373506
81975733
2017
176252304
844823496
6269945
895001011
913086571
934212601
4906
262596228
73827305
419962330
2747
114065774
59289
769497
206976230
1638
241223134
455197
2652678
1
29309641
5400
566
3709
965708660
6
587755
400999599
999590047
721369846
86908449
89647
176369842
258731995
443725826
907010491
6187
151188617
5875413
27036823
452494
19330
759064009
1267396
785527607
843818457
224538701
447737942
466
559254294
358554868
28424909
9
69717526
521121197
925756135
416284556
9055
2
22041
9006630
723780394
827158638
195
276282210
203627899
77580
638950
1953710
599352496
57026
616473935
747322
536314159
70867646
37175541
974
1757243
7286
903733
1540987
758758713
846932682
805468338
3720
4435
29956244
869546975
1520
35578265
634391470
92355702
61291
806050149
432579887
35504
446
156692530
864241663
310334239
767878413
372213545
444
515
325037420
161
76461
162088874
785528910
2669
150383852
60
602660933
81
88926060
249188991
592233278
52207636
761
9
3821
458
5612339
91679
472845619
2117315
660370375
808533
649048714
81
3768501
210916
495330061
13
137
558773547
661
509403712
622585
618870321
6624
431040167
103945197
49338
303901416
242354359
331
42
8
49101705
28
111942303
634572386
37
554162516
757826232
759666
78903496
372300990
755185127
950437
525079702
21276585
230534786
434996185
999414596
52
605848355
66
77645021
74
66511014
681303983
2
998382093
2
6294
2
546958994
84982
950827550
1319517
334394816
60065975
1
826863
7
7893106
612609054
540683424
271022286
183338778
63039814
439828961
79609288
93032142
957630033
740614220
789834
37382806
590047128
325691811
704802217
7157717
612838079
377238436
643129872
2556
546913
33746601
9118831
380248990
3
148
680083229
73550242
583672893
738965846
543
3
8315792
201886
851132032
3273145
87472456
700042
599163990
38443505
2164
244711406
2071
33304
8656427
3697
820908280
953786508
721843545
474
72
696168304
95
246838669
74081
179
175
959
124
92091
9951663
888554476
115083220
834212658
247549
3651364
119007520
612722600
5545817
1
395695326
64
61183917
402378117
882023566
134395447
470389543
464447369
22158859
359724142
250186516
533622370
82907198
4976
216414665
367
68704801
75
235518599
742374542
512642426
156474
83997
5921
5
36099
498414542
558787525
2753
784586155
198161901
293
367354390
132371252
568001505
65693342
4679
805393091
993700608
3
97420
934003087
86548
693634
87237846
980128840
85486961
6
8830869
1992
872625
25068
697815414
428
8406
436451533
671
346396922
241998358
699021686
346838941
120375563
90410823
6
345042281
8738
463
53825
555969249
6
73200674
124216597
7791866
231126631
40
4702
301782
911736
26987041
930
9
379
976
764952
13109
619196327
101180500
25062310
9
185
624609642
644668739
2659
316263641
691113644
91924
28281046
156379316
109079725
178399420
4989320
96
9764
62
172545424
81002379
5797
716145756
97765716
78
2809
3696897
177685086
43444
2361759
491450328
23033
87
939004655
223903
21764
291057386
4356
78554290
783805936
9
399128226
96188266
206515517
665500872
991636177
7626
977480
9649
33075078
26825668
82150
198434235
1
30115
110618
58071437
772758545
367831416
448774224
278962824
853764975
4554102
963899667
820516979
777
58924046
10
922977
908547680
618543596
35380733
39755
3557153
634386081
236
920
49
387134047
13160
476575967
263
32857009
414882155
3058958
67
571680
21
618453620
293748951
158960703
357078454
611385263
275367599
27342586
834641183
4
6
585387289
24130
118
870557207
293112536
288
901680834
910234220
890213995
845
908974425
70911078
891
8313491
985317016
312951884
980884925
1987
8271
780621835
960239722
551316835
9417143
792840
505881036
98411162
36
69
956
751432616
875
253
174652428
509620
19093954
9
5364
20932319
381507263
43
5
90844
9753
7
1487
612910686
9356
68095808
72
330028792
723
73
145533848
149932193
30250
32
9295551
631187
89983841
285529182
59020
4
237679134
447465038
59919448
904
544832894
760251102
497549887
89009648
721068494
8304353
1
34
84802001
733802217
19340
15758312
369419046
380789715
38267
206406
4
577128194
32
62153
5278331
162043588
793736104
5779688
2583
572067585
578915
397974884
423343542
854279
525240393
5553
692569292
986911447
521017
806528632
435428926
480101601
7577761
41161897
703741323
148035874
4705811
2
939323
64
517
591719
2180
595720576
723275725
980567131
40268937
48432766
2695936
7627
703738
367514316
141019099
582585
320562623
93030609
616633690
8444
677
777403568
2101
670378542
42
94244491
248075
653609159
67021066
409465252
229607035
4528
110
74313
253925827
87222173
490315379
429606182
660071
912730
36047
540103039
95839
891475493
611557489
476963058
763
685416592
44466
4252
747434716
28101447
16858
50
5413260
40076
708482677
971599003
142152007
143876379
59289
306191530
53429288
44459346
2366
81992757
2933806
847113160
415891973
602026245
631
36
723
9936
104712749
338728772
500284833
218077402
55109262
4813
7
895380268
403819931
249513
6351
230093207
965175999
713110635
553281119
115303
2715797
25
195908457
965215092
118
7
77417789
674939274
192923695
9
7
4121501
72343337
647474746
9
601527539
935004720
54973806
993830858
755286118
751283994
53107
973619539
3167
529097072
236
603175757
943522725
808
707
9
238407493
938349
121836150
781544132
923888
73245789
3373124
446500771
117590761
845166032
358703950
295783500
29520
3
995907055
7678236
13747851
119110797
92
260
871
37
8121
732054551
565835
8644774
52646
193987
838121468
904199
831635416
785064329
660879175
515065640
1953
598
28083
82
877613898
8
540525162
14705
71002
21
13604
728924283
669013545
30622
214642877
787444282
21172
6199987
628482544
10435566
776428034
672
446246782
273683822
44395320
7798
35470
60047877
6486
291813659
859
372081826
41
1205
335
95192249
7
796410799
92815
309
993019930
152215
6
5971
7
461280786
708561
796
551726650
601144633
43
202965046
42865
6474
5148
6782
53862987
74165
739264730
63387127
571628202
93599387
729508785
407
397881
300878450
571
6618929
194708170
405168285
56013312
4339994
327687953
4825
67684
586627785
137776204
598747
2436
2566373
578527100
14719994
902623858
805377071
3
72044467
851264410
404801031
135677
318939124
134544575
554
315733901
9
817772508
1758
26014
862477
944625338
46758
91012
25939617
91197481
3
562483525
9599903
13611
9
22269
9217923
560407541
57367
142
50919
474698616
41786
810331348
80
6280354
197857641
9902509
207113
1044281
562166577
7111
426739106
880776022
688400270
65
17722649
672
59502
670686856
49004
863
792069631
997408
931958290
25
65
90
59442864
42145036
353894519
845887048
163
954386143
150259420
6193
37386
464071148
90370
51002299
576525682
281498897
606384693
412131394
57210407
214156247
481390242
680896636
4458851
1
987626993
381
814311890
3
258834698
8
465
325755797
435883461
223829693
53667156
110373706
622872928
982125851
87291085
326280913
5449718
205821564
4068
3
327491997
866788060
1690661
9
67384
83548607
15
55841
3800209
7
74727
862368295
45964676
466472830
428
683341167
740756111
3402187
816635013
8
737528598
59707992
83645
585371570
58585
891789295
589154891
99813146
43762835
363860111
49767
117844
317064487
923298022
7
132791764
1
354
720
5
913845733
6595040
683167878
45
5
298411577
870551311
144771948
6130
28092
1318
14117412
54182645
449851482
400466941
4
350517524
330508454
640
139639497
973021944
403763009
9704514
333046504
495480194
86
614587669
174269
152180853
76
650112740
818627745
521442150
568032081
548233033
169187252
898373073
6796
601123608
77063599
8576743
642365741
851486149
4897103
41730
3010
556715338
750568572
451653799
8546736
243503138
266
7
2910748
643
451672694
859913750
703795278
228435417
978
258
65296801
94644841
1
80613571
8
7558
33463038
778317432
204071753
11784
9
591872616
9424110
400282658
251950808
188324477
351207027
81660295
356
670823193
42501753
67
776087
428023838
2545979
3797323
3
224
35389445
670580370
530435
637308
206139695
2997275
884846003
908095814
896917
55
9202663
454964811
958
976306248
627255853
3
279
25
497546249
70413
22532591
50
29
684347101
9105095
4322
396620112
95076659
5902
570
750108038
981044301
32
4672
673403391
9696769
784561104
312754388
194085772
303615057
35678379
209990812
534121846
83214952
350612590
253182996
625
118281415
702005068
2
57557919
96294959
36411520
814875951
679668374
301587792
882497923
90896564
32
74877920
826355674
554488231
59459112
851993590
455550553
7717626
18
77539813
86
37508
578991546
440060980
11786751
844886516
129
230968298
973370
871141
271706092
548973968
384637884
62671815
3730
893628382
481007923
233222205
306420216
3
129768989
5566688
458
418
646077551
273330739
351211321
70449590
28426868
175
4
437015872
84
10560323
537150595
171666737
910730623
26685196
94
453011629
550597
374988
92703194
3566
68334
494
833551681
899380083
194012
6284
689021662
7190997
202670166
881
8
927008294
899756004
31631
930421
174
6666
561704277
516913166
578462037
13935
594452167
46345302
41543
957
871639705
665001758
446446798
951936938
8428
451255724
85
5757
807469691
7401
5171
633395206
676499168
52
156156687
9030787
229770918
2683657
495651
859986747
165822865
87497
201391646
97
856
516726089
772381789
472122809
594980955
43553
81682056
8941
4
155373883
1547356
927637631
539849978
83
51290028
8424696
90974
328174444
895818
898137353
4881584
570778563
799547341
60395898
418195962
945817944
593843926
88206
832
7448
4151
42480
427037640
3677007
6
171393834
1294503
3139
904963577
517732545
672885053
427983700
58697
397
83235035
197829306
24
14920174
343503
99
941466733
994290200
38
72830586
2522361
303766083
35984
416167421
9
397501010
318072069
90
5
89803620
746836094
186107851
924291622
684877927
841569
190353321
255883
976167057
953130598
959864707
105597202
5164
373490321
221
45287
789462750
1419
68487
892236827
5
182459402
209211764
476618
522202
387127
202239668
17182311
34430292
338946837
957803047
724547
480672
19425892
992891108
53
265247710
540371970
669070252
816060943
5041356
186650
386
845974120
1582467
469115658
829371138
45
4
16200841
85467661
34293781
356271
631938508
304325920
619017302
666321284
23
160902032
928809144
69834
58307
1992
534668323
35
813699754
715115905
1
369014762
936298
623243244
580
378327628
878187819
77062
1
5917
4972
9
641799918
933141156
153747421
229780
295
229941200
187085841
60409966
76
269559579
309631346
185433343
237215839
6
1
2283529
49985
641
722094305
1133626
6584299
546929843
150142464
556341446
8309011
514801846
888
615918297
64963
972139
379709233
6510895
8955
30784
908823649
32474426
739937
87
1366
702
8
767275609
5428
910532646
290398956
213858993
23
453872486
647432
918153562
75623481
7825
2
311470150
17220
985071
3194
6159
214
681936916
90
70756
649759563
39165
43
38351
26553167
741773344
4
609093318
168396226
760517308
984336028
391336851
80236086
412680154
91
531141360
6031782
930
141311101
283044011
967133524
276110373
79302037
6
810799
91356546
130811825
9094711
52921724
916554558
530572620
289435291
137678
333429184
585
45
8697
605572577
701
48
838334782
6412873
56345
314949733
218
951859170
55
251139912
5921584
37558511
7710
469751352
535908470
848002870
802528
3054
72660071
722686801
910845
44664
661258653
997296907
171944939
450174702
774186320
701817639
8637527
912954
99236414
45
649066382
1
357604332
18
763560
705897
516818072
8951986
7
41716
309
173589247
526508340
1499933
623636
9
106
184787428
90051923
8505
65665
420900
584902171
428
985028079
939670245
169091988
729759
9690572
889317087
63
210662559
867071085
64972956
453375669
478303375
443
801760
13
9764309
2
832
766077
730871806
68605
527046779
4600040
773
12944973
99
6416289
958302
6472
810
2
548828603
36
4678403
892097227
235488307
97
8
619833322
63297802
5619199
8111183
136988088
155293770
7998
397968519
645082
95
171798
216238
315126018
95703
9
124701
99
60326685
55
241120482
8274162
429270992
295548238
265638438
93166438
676634144
5093
4
806447620
5006
558557
435438835
167922910
111671
323750
90
418555403
423710581
900286136
1
9126
204078394
405938697
615594423
155457488
50232
67523
190169333
8522
19741814
546002374
118094119
639071670
20315
624391045
4
236963372
7
57925
701887725
4813
943082
989573319
40792
956466
76587
23509963
504715751
551855
900437981
51607148
126
13
595
149877165
81
557121015
681548322
6281717
695173117
934112
99
16940186
66185745
79830732
4900571
970530200
563234616
255
316451365
296919635
720447856
259033651
98473
875
727715709
3
6
33850
5433
385866342
70459775
236
209185577
818612736
466
4799
315122377
602678239
40770
311807262
898018986
777782
482462448
1936675
98826
8503174
738104036
5
754308126
852785408
37
284221524
302863201
4
890581233
90545
97
917109
265347220
2
433677874
14183702
2215828
4
251312599
4441952
434835858
3766801
42009960
3689348
52633290
507877317
3
5086
5
251983674
202471856
578878494
377776928
544755812
558141121
487608360
666869456
963
517290093
35186750
314497262
285401
3
159165808
85
224569061
1
30
313829084
8086325
746832278
656
608257273
94593
970344002
84337
1
410826
7002239
859523
1973
466783057
369844915
492395229
13
959011009
983381463
705
151901736
86501314
92164728
864673037
424616746
233532155
9972386
27064744
658085412
3915
800608786
539993
5
35052
8523722
779342735
161233211
219
365077436
872290500
224097588
8440633
67481120
828921064
717534960
306267758
11
7885
46645
6030625
589995153
717
82746
9
31305
712727064
565511939
9
129963569
325051751
604032795
831943610
716052194
157085328
58128616
797020397
531382
886438175
899906444
90974
6980740
860481220
975923452
528635639
932597356
246635
622548576
284475923
917190300
85817325
850701514
54444444
626635667
275042
214
82462547
57339
915586470
1823
447121
63447295
837808302
7806
587513
62978259
129010
758374196
981543874
574495040
4
971483939
2862
593776492
783342268
45761148
926473907
911071507
10774
7
56179011
7
17838
782513921
48
763347027
85217447
303403504
878939
146703542
666908361
641318658
60727
9435450
85036257
326507
832165609
8396398
5
348851195
8093766
71256811
189864454
27
2547436
196929121
331460636
165024557
34
58748298
379246349
116860033
816133149
793522556
82597
89373521
854464298
19318
607
533
5363
87761266
22690151
153660382
973799193
708141515
63
39
821165
927934
871
6036
3306283
23
5130992
323073548
654388
5504
436949442
37
2
447984750
87
779615838
62849103
2766785
408590097
808568222
266706476
611561674
3
565678
7843
322226
817780445
766453398
445
5
332967093
828598
501018928
6
55549
5683393
35099
896
242747637
473381871
868682746
37911
487913509
95
3694875
74056
2
38
225547984
401290219
53
9950
471834301
573495
578812706
69
1
8009280
976539629
476
182174152
68034
404279649
6
6
676819276
20287221
6
889600387
3607557
531151540
937420
324
5602798
17
214852946
484077358
494417426
14
75628092
5480
668100020
4
22
2364
1973
177785110
414887310
480876529
969746765
555593483
25679
347832475
3956269
45969038
845440664
895534829
2055
511899392
88970
321411
84184050
671572849
941899444
77
77303
787474060
465141437
3664108
970742
6869172
19
370046188
70140
9
17
76484
90233
34
8823
78840
234901973
95976869
634788665
40
571071131
697
729627358
858273517
166017039
305684293
4
928763
8655568
320861
28843
317989378
484055041
179380573
674261391
4152
174385151
2089
333460078
376634054
757542561
60
619255691
725524546
89286
351876219
2552971
24
7304021
3674
517
5453056
304071449
934290306
910248445
561637834
6
3131
159
17302593
5
165624499
698876553
86
734379558
285841683
9335
796397679
113767798
68
305222
170
809
641253499
69910868
68230200
40170507
9054
572069
2332318
8
783872012
91804730
997
140837287
889434234
6093
683820246
555433597
574282539
672123
168586252
570942397
93339156
657955879
246300213
2241
298697733
749398592
135429302
4011302
195929006
32846
4
39529205
72
576115742
7687461
78
99468
7
377286016
2352
30872
3059699
18906
876355471
146782185
34245
182099233
9
425225625
576907763
8470
674463509
821303989
5
66819028
42573206
97941
7412796
433123
580509949
6
223088847
9408720
19527
321312210
12437566
866901629
375034845
52
9
650
335314
29955371
731
986208324
226090
234931975
714646655
84078152
4786
24689497
948285
8294
68813
730541073
8
102400275
6
669906016
67171
44082
99
378287450
723554022
245
491904191
746154005
22879432
92
94991
330199380
79658
199842407
510382388
399961866
2411803
475695652
91611
409611376
7721
79961816
299
957088551
316619940
882028148
311699207
608
9330618
46634745
12
250
1623
9
89
960
665898892
244
191694770
59111823
37
6
102580671
205424478
6
710186169
143165363
963778
1774
194155086
775080123
9
163333
209
732219076
605457349
79
99513
579
85211
833796127
11706541
278957989
7033
961
172083842
524297892
311
90
305569904
339535
7073
88331
41745
493003395
3
57978799
55250
15278062
805671212
68222
172993557
3805248
572596018
68893429
707596
1
239948084
904753481
835874988
27171205
408891282
756742651
1
581625
37840
72
970419738
925
793
4354512
950865892
28736634
364950359
580554453
6
483044778
420038027
73
7279572
90
216355245
2300
930477800
992087390
803182
3370
560762
97
920770716
946
62040
705710545
3945
8235912
114609675
2784
4
248445768
1
29921081
396939035
14874
136387
552455406
665667404
1111
913638818
31522
671099788
357317
688
53979418
669
934591553
247102658
2765986
16691987
4113
50
222754072
550
919366
1
14293393
33
83
6
377977
39278
199
117406844
426167985
1
926835241
155603867
34
364
631212585
948620790
269494010
919413
840057154
72256557
7536094
67618127
489
110691285
9
75228473
782
862203200
4871049
2182311
110350488
7
267483310
6470883
89368310
15
98669486
785345301
84933459
709280021
999844010
987148104
652904697
65718
247
81561956
6404
5
27420368
8
49026975
754530708
536653
2328048
995867240
3339610
336333076
603296372
493787272
595813674
291095928
206304599
773717701
872639303
1693103
381
183469
81602705
446
556676804
233590066
949
415740222
583810658
167657885
6547588
857
741574161
7501535
731024119
924620054
54880
575298
268052298
262
4478
650
355605292
3
84480122
4827
719351904
21737
8
2721453
17
3197
521800268
7417634
874117694
8
1
894316892
29427
591522574
388809
490374
224736180
213183171
761979
992458307
79151989
511
1374570
557996359
78651
152112315
887535355
167714611
584621923
329106444
609
563302628
3
170681868
324198408
407613515
744773473
7905003
861
4
1446981
3954883
1408939
555
30318
47041541
42
650710202
707067098
1954
2585884
376
1142768
589076253
81
256573770
30
41822299
9
747
201265483
916801397
989133
289678630
24151508
63
7
564134088
1
566366954
91779806
527121174
10146126
625376754
78545134
66519805
444325805
769
71201158
286405917
258
314102498
648805111
326503429
584259971
37
629133984
791334526
307640458
29
225298531
421571417
436154
751
2574
953234708
876873042
75727242
81845433
479289276
432832580
564898
9539
784510998
968782590
509550336
154533605
8676
194628248
168768907
7
415932789
64899827
11215
378076005
20039
932056166
812872
776
6
575396036
34510
8
961567486
687868001
686037986
544042700
574322980
7948005
70
3464335
43505396
3
39412444
830298
944677507
627638142
110018026
2
631
8704317
27
292291
69
306542519
95763
1064
20
88334334
696742
407471450
3
9990
85679002
22086
8
774761696
53
648732
9365555
637129851
210187
788302591
135955687
254
404082530
24935
786472091
283053
9720946
27
279427159
7217559
114
27
585996673
237894
80904
644
681
8909
788
315971
799527698
5
685652047
4
679576543
4017194
7804
85762
3
273941
471182850
85420
6089010
494054264
81
680052395
764748
799158118
57
740
729790
3462392
634284638
657269921
602598242
83
120797660
221479240
211627276
289
48720
417902
334618
357
64
42359
93737361
19182206
7
187109373
55657570
1
223695317
356568
638529636
384235793
767085908
47884523
41
77351467
12
36169535
973519412
57976
782
826
41203842
3171125
425411236
49252
52327759
9167646
578407758
272624000
8
368192
614031849
9378
2489
318362572
5
2364
45263363
196361901
7298
173294211
768985664
631065057
325
1279734
225881926
818230369
14
751922922
361759
7
32374672
615786506
166174594
28422
4647129
185345999
32095146
44587
70078
2510
7
550465601
333884410
88
1005
16
541702052
211100170
895392947
784111729
243995930
1252782
99585142
678
961987656
940516919
105213751
229815568
399773749
7
174307267
307100155
97945123
117063440
807509492
5832
840077601
94898384
315274585
163342281
602948322
818
420836309
53979075
315199913
117658624
945590840
485956
788740867
683141842
395335258
78475
682245053
32327567
920745
4
92230276
7196
789905757
7214562
750636714
12178353
3672
382339759
442542807
8
5336709
203670372
283800436
4842
89233
41744
45296
152347955
2
3799309
681189416
3
39
2
60097694
3
5498931
58517397
39844041
55912563
429
151977381
693318856
965878422
7875
58173034
5062
35319182
99508186
212
55898
15
66
254897327
292022984
131861497
1653
9
696
755347782
5536
259860122
336
402764816
51485
27146099
5085293
8
702275143
39021
216298644
1466
265531747
564138765
7283686
906217238
3403681
364
746041338
743313863
430289542
72491
290
827755097
308214712
509506863
579063
2
43244972
812808514
52
7
917
3895244
883908011
1
707081390
777514
429123269
4
63293
364754558
72
8216
9024661
2902039
263337
987367183
51
4
264511269
96090099
564681986
680872931
2627
9525
772372
364548349
98599
394854
645379242
617161691
54001957
826553091
16195713
299365928
450161653
626473501
1
492982716
683891075
4
4250679
9047
21132
9008
537
492202811
2000647
8775296
80
336777675
99652885
624
488699068
73
6413
319603
907111220
316
95498158
34
968198840
378338
1461
858997
7310663
85746
892426707
49172084
8711
178973030
8005
693396968
631598801
61129595
554995008
1521
7501518
836399905
36
248998804
31703598
598852
163262163
9996
395184668
625
1314
39002303
500067774
5035669
128531837
33
569803
65231
280164886
47751926
95321051
363310218
210151250
3450
889990408
3826220
84
72842112
3
637249379
789483518
7331
47976148
666
46069
402628158
548114467
101224629
34672890
665517
263
1956
3678
134878492
4
220
54003
186438644
461863885
6719
4391
987234444
361
35653818
4
79
54194300
171160414
28857029
131920527
199266
148
694230900
613253
4630
219113303
1580
146606227
9208892
756344938
33329878
221349313
53459
88
4099790
104674323
487627527
766666524
8976
5988505
840701907
2163
150977364
389317402
14371576
991778285
606450367
52
644822793
85
431
38
98030750
3726660
452684183
9140
868394123
383486299
863187821
3
74227
40071
760443173
35
9664373
12234
9
96831
406136
5172
20763468
15507345
96063965
756145616
203784784
136891366
8105
685957232
748305024
536362724
563024
59271739
662
177427983
554515658
226778994
402408779
432811873
9452
760765700
1
845642102
812216166
5
117062894
535468728
588
902350
9
555995132
931738501
86413670
2
42082793
866971044
60006415
2555
241992
531
67066561
602569
397315494
805920868
505679754
316912627
48030
689041416
95687
8292
2
521391651
994991
553979590
4723887
364
4145692
272980
953
761408394
18144
572943959
320285719
31042
825587181
869466217
805606510
434300032
340492408
690523611
9848
82547730
187086541
822141885
674186756
130140945
69291
674
41968069
327
545934
8161906
379699
1410
433
393361125
196878998
294798030
6081190
1044922
151035409
17680
106802843
783897956
4
434963514
82874
945930483
584073628
6346206
195881424
119007429
825466378
145213408
937851280
28
46072829
9
673
2
752724936
388183
506166455
1099
53822735
4312501
492139811
593
357081195
5520897
71560
138226581
6991278
83582561
16173
616084016
722224505
152258482
54368074
311315145
4
715522353
498925
443971405
89361
36580
83269185
961456621
30470
809460302
409785884
765538494
275922
407740920
777024455
48099680
872631792
39741606
812347730
1992
860693036
878194228
384755858
7983
305478481
87
104060
17712893
506627621
12497329
103115644
661959404
77648440
33
98333
6
950794969
989047283
18774531
98510592
5489146
537673783
50
667988599
916361916
45192942
573441755
482991961
703859584
7916497
224926458
888945353
866589831
7
329906825
9920002
4779715
103693728
855126542
548352
35
134089
9778849
2105
9812096
4
476443
998758396
559332987
837982
966590
224289
532
20583
251722
36347
35013585
24518656
841947400
1868778
42887803
8042002
52
942530182
4
2
282543743
2306
2
2031
253444468
1564
3
1764531
931605001
98963817
19996
946836787
9011
355833019
432
590179501
98970866
120807429
26
8097361
3
30
78
53198057
671217154
72243172
318973886
2312353
988560454
9526110
19219832
8
91369013
759249
294478
8741044
858077
852
4360208
425342704
3
452135
879220772
255
587
38
766581153
619038187
891104729
3934
183030
909515715
42620634
5778
49903
754493441
592992891
722732173
563413111
52888583
4
617455
743998
7
563797836
864467907
172365026
295
2489202
21
227377707
4
551
46
369867364
1529
57
977970027
967915453
3967
673788071
86
27
58768611
233579112
1088769
904006
990013
714927
743459990
918
296155846
483544144
8
9933432
860
7128
9057279
685767
7
780523124
750740131
7
981844078
6
2376981
114142231
10
831
373351
51305449
479584585
945
127419183
69
881351318
85815461
279804
2
78396
482104983
649735201
978016159
30510095
44329245
521503227
686425221
947068704
80
311
14317
2645
3368862
74217183
9
920252795
21057056
529076656
910003536
654058
9603
53526
704261139
89669245
68391627
722560998
95
9
61
5
9223
919471568
2702
496
18223
884080773
526108794
774172254
5022368
59256049
1
512814889
896932507
69
4717
123365412
7040137
766167550
3532
36145648
8
998590782
4055
147002815
6995987
145488335
1041
79
892166541
761887064
277349
3915
414037534
52
837801894
155463129
264844663
887720
7840
1123756
161
9981660
707272825
495387576
6286
166619
27309
1
572774668
328695414
3619441
504570019
536430662
554669307
775410184
98
496212268
758510844
101704974
67828
612360715
66758
9849098
13427114
537657790
715118804
252290325
3781
722522279
24209614
95495486
212824876
4
4112994
589840528
8377
481816398
13458931
92645
1596323
10881077
178
61569834
593099372
490373264
3
792
401759218
4
7853
8
842649
83
150397908
37845
5
48
63477
733352804
555719231
989193854
2300
585437532
595805697
3942449
3251037
483215890
3400
208132410
608486336
6272
49271
63461938
65
6998
153
659450
887222922
4738800
992316
399428123
23196
241103351
198648425
74381911
541952691
263
71872925
23105
37743514
23702
997800
10
320138142
28
11307328
9
986
7760755
82
7783
32252624
629
436824007
39149083
203800589
25
103371
3116
6245
6392219
8430630
94
64
944851747
659356012
816717339
3649
68561848
87265847
90981
931819398
5037
9
549650972
8
16
29
87
30971703
952458918
478999751
9
8169
8473620
965615436
6851
5610
134973886
487311669
53
613928149
72159141
973948
33
14285061
5
151442146
111098
985530901
294891
9
7472845
976367744
160928619
948462837
425566364
950235651
21
17216881
86311301
3
1546588
27710093
790859
314571686
672249063
9
118
92853229
581092403
2407
69380639
355
73983398
446122269
327217289
431480
60510
393744297
670798
74952514
711176848
1
59
374820114
550235779
988495
721882424
29
156662282
99
36916806
236069949
66
481475378
789407143
520023218
17214560
5311
43
400086601
33382
414078326
410679554
68
78
2138
2208049
565686
6432310
402
923850427
732934153
14637939
311654796
9
901173054
962272599
42
9
646357920
989713035
881678811
262883612
2
42671656
9
9686
611797975
668005539
975586720
56966
538951411
600493433
78616
93826
4957690
973805931
334
8745366
2
18
167162781
94449
29
53
453521486
192054705
24684877
2787
9
606518214
78205674
675061970
463
743
597942617
52173
931120954
812711047
441849055
697782562
8
49535727
410012710
487588419
25533057
557
365168031
310278921
974649640
154389826
276687396
867405069
749065260
113
3587004
65
257965337
262718529
78324
5
84
3481058
60364796
16
723083986
52073849
69405332
81317857
851221696
36412
403768126
56
415831197
3815
26462477
525160586
29
23337346
73405
84777566
334496394
1048
939548136
799050563
905612
93776
154
946
64
86860
52
9
672224224
31299
823106779
69097439
65852933
935
2
645534
1
680880833
181778706
778891947
732898743
13460502
711122
786462715
803091239
476405098
133846
203975
464
168
259714322
44899818
20857636
79
3706
97
299975151
18974554
931807155
97
680473926
36158996
315729153
47599
70
595726519
357765546
745
22
207900418
5
89967
570912075
402550364
696169737
62617960
84436
255
87647
419188633
918963135
68
230597142
780946924
297536943
440
79
50
994058333
841419504
383044507
360754221
772135419
292059229
64436
60
644167079
51
67586
809566746
754885463
426699
737939373
37131894
584088324
793
988654154
50886146
676653446
633217968
323647
557619608
830120750
282791901
370
233100686
49334232
984633973
6893
7103199
71197
35192
757005923
7253
221833066
122754918
1539396
427187027
8974
42174708
171127181
158626405
463274174
76
118140734
972800936
61
27012296
950971027
51632272
418045
458659764
125860033
64828625
994014943
452268
808790687
69
82262324
885641232
6383945
48
18426971
54290
730567801
423063279
435
409994033
25889
252569489
251529488
694801939
214582817
34452160
6995
2639856
151766748
375603433
1547
79
94569867
36
405
175647831
331771791
57569485
3071310
770953
4
6941236
464
796069698
9977
586259496
380331627
869954516
73
1134
526515634
523
316938300
186259565
4038
67
9
336405
3309384
6147
68793415
170407
71655669
916986100
18904
32757754
56
820073088
599979
388851678
167351821
3389927
587774874
313
475034441
4222341
73961373
451605767
8001
9580939
851
16402204
678013381
776918775
31067
747196127
47491595
706203036
61548716
961047683
867813051
49401107
145615
5
9
513884896
28
595644110
199962910
155267
857091
26
775
403079520
531311186
722182140
5574
53640005
8708
8015
764454461
25872
844529278
248705296
469777673
303511900
95
891233408
27947417
615842508
893734352
737393997
8132
899179
885194048
3
54
413061641
253373861
932377990
6
336
9917561
12
260314839
198643327
887027662
1
931212826
450929989
80
16
675817
54458
61785428
641426704
97481
617733907
483615770
2
80736321
485366772
428438307
95781
433
517759189
6
60
707098133
645162473
95462
598090274
299767775
215397645
4
419140602
958787864
727986102
387947727
34890
34083840
463308265
628455085
184628068
1945
50
701877137
4320406
939414
14496
34024860
719514678
993352
19299
8027899
775411032
944007816
33234167
347261441
1929395
466295071
509197280
68
66776
4912
39208
51934
447
11
33250070
597003552
27
7260
975550807
5252179
6224
4358
252611546
7720
6103029
93053
226449531
302176050
7847
28581
7
461373656
322404227
954464708
9
57
13645
8
438995405
1150410
415546021
9
391657263
512783895
948
54
859795563
68484998
83899642
63229408
810386646
149888980
325866011
84282844
9067036
998
769
294010404
24810691
476824089
918755253
66860
2
885055
327420580
508710025
95624
233687721
912542313
4373259
18641
2756
5310250
571858
600807553
32
88
277281
207316
219810225
807736373
322945577
272
7102
97786
3
131545356
822765
263704570
18
644152
65827960
329659084
96562
200931136
987578405
802888265
4416
846299863
3626
312208835
797441547
292910773
8958
83498858
253884
93
801157319
293796743
9125
841791594
847488
378780337
995492203
754756045
430302
647
79820479
20492484
647840362
425782370
2409028
721503229
377
15603413
285738826
68452
6
803
11
178348178
92119
821166719
46836
9765791
546712379
62322
570171313
3359
126011677
20576
152340678
799579884
4221177
31500980
65026
1787
489
34
628654
313033264
885115748
248
290
2065377
9779
345507933
73
41822
258968127
605080303
15
868278
4147
2591799
139755617
2712211
2489168
33
538275586
69091
709074252
6
741
574862899
760682772
627574436
245910097
198268845
243434605
75747138
689
756926673
7066
822
190616516
574775133
91060
312366901
5977370
996720915
575228
754804
67
40940
55842
1
259896215
823638526
156876435
433430
98628976
91515811
1
93444
68
627
941582282
7998466
2
3048
245145387
153681974
83398
12
3
256490216
946598510
379372
31883
949865443
439747
46926
20
9
61
9666806
674780579
7810099
72684556
861098037
2251216
362075235
764619813
623717
6346139
678960567
466236823
860077366
3671359
12362
969
21755188
5225
631894
171911038
823564367
89782436
500987806
8
608553301
592403689
18976866
837839025
13771
155448262
8858
108808602
2625418
28952434
46486858
304402108
48743956
177524377
842
13122239
2
999119997
345845113
214741469
65923
2553
6
181404272
533343295
22116622
55
979169727
927028573
436117533
96
67966307
892373396
541245978
691854535
787017383
280190534
638365585
609394345
9164993
5
633220814
2904273
12131
37035431
2964
4579403
5502688
190377
931269244
960267073
5
426744350
754370938
889047157
3658662
147816
11418
79704034
4
766812907
284916307
9019
855
73715784
5829325
387421948
17187
4260
122
480674059
646163796
522727010
8944923
215084935
1101475
724
3438902
4793
522720245
554356032
838
63
157091200
905826637
8022
246050658
289
34042082
975796733
72238384
7
336193496
803908062
240724372
621606187
565314754
568929749
22
674613017
1332
764342026
69
643403312
65
468
136932462
856
10661
76146460
680515
935839
401619526
214237539
614872220
40270
511061692
7875351
104
941003
813931
5
546029502
486493862
83049728
13
433
426757394
67
448418888
52
973542314
71546752
803407541
562471584
5
178235916
311684990
72640
698167312
6970
176301419
834699511
4541
593327635
9002
8
285
786302615
791560414
519082283
6144053
502
530031506
318736715
936576323
3602
314397056
914
54
106389868
550468199
38155670
62623947
67312
172
222686946
699
889901827
7559449
72559440
5197
764514610
576523222
3183
9185
9
108817635
8493322
19
457642802
361153515
577913584
7622
3947561
625464
13965
47975
86346
161247401
308
969086868
180769416
538264208
616
825063067
45
68661347
867846558
60988562
93
780876767
30943618
178896214
56774976
349
59622879
713095
93566040
70318293
471873205
902586
605980864
616466831
99
20800705
7921
606195419
800022964
98023
8238
557539638
622498262
632687266
719567299
86273157
416010113
50247
706992
191
862141263
1179705
2951803
553947777
9
4303
898934125
6408
539645185
9
80212
4163
110
743587282
97208165
27626285
9973380
456562219
762475690
551867207
25567
677870814
13778188
63636669
364
9939052
802
698105935
246786550
3166
26092184
9764178
21194908
4
882236170
302493650
120285
298
573196918
769130295
78663267
201653095
47849478
349
867
5902
244
2571412
8658898
5
661741610
3
8419873
550170231
17186540
1899512
5124272
308159036
63773325
343176455
747
988366903
749681791
241001580
8
561
252598879
67175391
756921341
279859868
1664
224855975
343894850
927452364
57939207
3
419267586
486201198
874884727
966684757
33515073
594485725
856797438
86
919370833
449337406
687521929
221698791
85400937
10829926
4
837737581
463310650
303961525
810571981
6272640
18540317
64718
289417396
714144934
9754718
437777383
4
1118377
3564932
5
64745
102051671
8667
249812919
9
394019
824946421
97
799131092
261440384
3258
492801757
608365905
124204224
772320645
3506358
1265
389228857
7966527
54663420
924
881673014
868457728
769096218
997913
99850
705451
344349423
22
844129523
852492882
604793471
9
7093508
48146428
38
705927164
589941308
84239936
480034407
998018
275
4293657
4
4
1022301
9150
1667
268100090
1
800583459
8
66091825
91058211
9600
955215219
156936
68558
720
836168
35
685731629
611906840
627960788
24190
299
3
783329676
7
988135258
345397
781692287
4092385
820412570
33077
74874
397703928
64405
792310062
709
599565254
718839597
192695289
543971
3
52975012
905425
702459850
903610
34559661
6364465
944678401
194691217
926139895
13092258
262678165
844632406
84300312
485
8
489733
15
677205561
59948908
527691694
496024199
873371755
661524391
709311886
185462783
354687045
19
760330239
832691044
4815413
881
98
513760207
39
2521870
20316
93
191565198
539
3
29
248875
654749
937565697
2498
851119181
108301814
466919949
4699667
8565052
405616338
657098199
72
369908020
640
6797
851197642
198111156
437612876
128274566
6
422059215
4577452
871474962
93095346
45
489634002
597941693
235036313
363007205
918870064
93513535
9063
452848061
992229426
480393117
329290
703168183
458465769
7985162
73913699
996945363
301739
3102203
918188165
827674812
230354640
13656
189096672
59184881
7969836
687215794
460676
799217627
631
280171597
849139
444919004
34033348
390072727
161526170
137846
347893615
784473820
28
606411116
744400718
86568659
16459605
890871556
402088345
513360
7768009
350364150
955485895
2181650
4682037
818580918
58164
39
966670716
84
600222484
394357694
1
7775
413212132
423
71039681
2
267
927221987
320558022
36948255
6791
35186
409535
5263
991879
776826
590
261698700
48331260
701615047
78
286453922
394682299
965280615
698209902
6864452
518787908
416061092
11630242
762180126
3976
922522872
759213227
117
300
688
8
883983627
9116459
724005306
692656513
657
814962190
250170200
68375170
49925672
50925231
4
55
9878318
252905641
286056
7457268
369017036
830355954
7
834448
700291797
128216957
589811946
884500008
419
2
414445
7122612
1949
550987509
883064505
921192540
6749713
9
449676541
27602403
306
80763
601584018
90426953
320783882
119459158
286
5
277852
5
686805648
777704
355135581
694896992
75
5
881416634
989717148
23530614
86
935
9981
8941274
2894
840298574
98
880471
785413015
367179
89908
22
6
33084576
819062
3
529148768
440788075
167612420
935618229
352
505002512
578836244
507643132
21
9943824
549360440
63227769
3913889
72630209
41410402
105770007
785589545
716859
6283
13599
649
557008437
155784446
725143307
662343303
482654145
273525718
166698
8
2
876560354
221116
9811199
32864
305983426
742034158
900107
916968
622425653
81
458009
13
887115580
63562816
7356
851
238134455
4
242070282
167930001
51372
99358
861101095
7796
250063930
20
43076890
585305619
347211351
3825
6
324375542
519050091
166
395790196
457442102
43
330143
895904080
533803369
2991
274560367
149408941
3
9547
706227089
612309751
531268127
459090812
547184306
121995369
853016187
5
859554026
961688011
448824852
793077183
16585839
33116
96
16
928
801182899
760648
61174560
78637579
3226
694041403
484836
17827
668283049
6062741
648
79
594727052
181919320
76961070
357986220
523781654
9751
707078983
912413
32778787
195256149
425088274
964916471
481326555
391434
254023464
56961650
42386897
199065542
3
972710385
