2
586502318
5491218
684264677
116742678
6370
562070786
44
3883806
777896
22305
24804381
7605044
434988
2366748
7499
962369119
24
509472735
5199
14
60
327755372
90197480
447691689
27
6541
173
4314
334664
983850149
714598581
462551
659
355343226
548456528
69216728
837272875
281345142
252879
3925791
8555564
825033727
119736054
62092
3373
15377
6125916
700458775
2918
2
760735
696783243
721465657
4837
673782498
3741
380149857
997146493
724620845
792975191
31608
508931236
339
3
10520299
584642616
86975
950897573
975768742
5530
590243043
44
2926
84052560
732796137
9
859
157565172
632146247
818261629
1
7894
887509679
94616
765347
78796
166168955
5
787225862
363862723
6
713644
65934
3
720144164
225537529
3958182
49529
1
848237570
806197077
7758731
70738838
932816876
55380658
4297995
566806716
894861087
381149361
516475
638735981
8972719
48579813
647551615
46061143
59010327
61342415
724959049
142395452
948706350
862775627
36766
200
207288369
851304
46553903
776058468
589649369
4887
11912
834191476
70910689
997285659
232506154
4533
528685202
181720968
951
85
675516475
4420
6050224
12813780
144229831
505
59315634
51742728
85195
35
9
556283502
896122962
822546149
658593598
68801389
249216712
2611
1034122
81366396
114557058
74941
67288
783456286
205203906
322331832
487375746
603622495
144929920
93430006
2297
77
311
790322991
9
44797
6
7359
5
1
735607620
412
29855110
72
469447840
434510
21
968772222
783011
264
9
7180875
765456831
872444702
582395787
299509083
701614649
7218573
34005996
4
124465696
692040244
21923692
739658453
850208639
114270521
576407323
2229
153
193
691165784
405194134
43
469677
76121017
6
9917574
725
72927
387595755
530873805
37
5666
98362
149
234890287
620169100
60427259
47722756
644255820
97
289719981
675
73103249
503778766
17943217
637793033
80302417
655769
27
265
21525039
7
867451796
441924835
264162146
164417558
98664
887273924
65
56415051
297157347
77
195079
264189451
8874
325309
721
438
105667
406694
46357955
630333991
34680681
251224635
26325
81754058
4113654
70209106
57646
705837
52137
610937019
11198
994470564
95077258
92
633016574
57548283
266029743
42256166
8537
512112477
941861
453856980
865272781
547179
607683711
531
758302122
1591083
1
867530108
634212644
9
798617097
4
534821551
890673470
9505545
669291
82
64672
969252004
1828
8783112
6176
392
39530
210681552
793
853771354
947342806
462580049
939470548
488235
67
44560533
1993113
7633891
42061976
615533674
7789
907
367753526
494831
95287
46496357
47511556
627924843
899012706
669285828
539871390
80486
3543855
883091270
519123484
573816786
374563146
475
682342278
6
8569
68
45083437
25
83754333
68030656
707125405
882920818
6682
43
851685441
781152430
587732981
909156505
2
141
465291065
58887540
951632772
991908638
93315697
81069838
1
230812573
997631806
4
548858167
89378295
60
91123385
5
836217737
259841108
5521
754511024
213999526
5662531
2
789134619
9421191
974328907
47
55917943
517
1613533
94
340629582
207457155
5
6
33
595766294
9475
4469873
468005928
7080733
515598082
788838196
470963294
8844846
731905994
599769485
9271385
947378826
991211825
97044
288844199
34
620191
297124993
83740296
828061328
97639
36556896
940778722
3342
814
69
73
954099
51493932
379601370
1
102498331
742060990
211926356
582530
9138
9569
438325807
42162
277629546
47784689
6772188
522167957
64478878
529093
798414717
54941476
324525015
51
959353266
97422
789813786
620608
365512808
988824656
1
426557110
121515235
539554343
49818
269362524
24
40399157
124899608
340628
404413791
221754100
2662
79954860
138364074
111061270
6675
2095
9
659470
54645
837840895
5058471
98
8498
22379441
6
594111197
707
750845905
431931188
892072407
960931488
213518741
283212320
434714838
7073144
8
22
901410649
56309
749531
139953996
81761883
44
274809885
440
321090623
58
328906127
401790605
956555218
128082623
556067594
146791536
562
63731
4
4025773
55129
674839168
7685
836502870
7837
434
647558843
82452725
267862
428
948987
241
563929851
86
520370003
436
75892
387405773
9
88788
5082011
879535261
128667706
774761645
89791238
315
94202
457503101
149063
114316965
13054819
3393
527768906
256
766803742
52441
6
5438715
76077
986491648
236014977
9
78973559
765
964530664
176758370
54087
91956279
89758
3883
411601027
116721081
111039882
5728511
272
21
77180
6151
751975469
43783882
759821519
478758534
96148386
183778158
740648451
215654049
2
9
88551220
67
38496172
772
785910401
613672811
218863610
64042
676995356
31282
14
864784871
828423565
291390187
111
733921407
49508877
537
420741965
953915956
795
8220
973275
606463266
295411563
732131676
606880317
7652
778020623
761151534
9956
97626
220359
295456679
739489121
77394268
119354075
8
27263484
8
1
2788
6420
428015195
609070365
50545
15674
166334557
118518644
2663
2505
410525560
312148489
39151860
604814856
52929052
573162164
452914
67645792
7
817164
78
404807825
135203538
409793896
456097452
1154
27908131
572089166
1
5467369
275880021
36949
65363
583383933
524246006
795065348
1611737
8561570
9
6948421
531628
698542602
274923842
43558697
611329428
988
530149542
88363
828162576
4219
728
897889525
186009441
7
72
415327423
91870233
337166221
34905
72
36690765
9912
512
648381442
48727
138747071
353357676
457094010
63620058
174003344
145
487218
221532713
271739916
1187
997318
244956439
669949891
513001746
131471068
48630107
3
836944989
144
3923
7784623
314150803
16432
795913549
4
588982968
822035228
391639178
93
7
442
937584768
1
520084024
39314
912307790
900187048
819937125
695968
445007325
9
523384047
39214409
427102921
24833
250019903
377878
73
534204410
71
648512758
405783027
6
891636211
2
67564
281105878
2
725
7904431
765074620
857392843
15658
130045
975
49
965054864
906
398775159
8
927492901
805853398
432354257
683186199
52809032
8
97043866
475213102
1
556996598
35455534
3389
886872558
573121843
370197542
687978619
4110
5567432
806712463
689768427
813268774
407754
433594523
935308027
31159
681535757
4709445
10135323
57021275
2324267
600056392
335537829
398
591144
672407956
395796
3113610
969095127
275628999
31
218904130
5810
70142
231853
406398933
8737
444222092
801
653
1148754
5842
253720428
237319149
772105154
7939
802661334
815782528
545954752
866695475
509579088
4
509342269
341596239
85762085
3
403269155
500761390
23285260
363792310
373401564
297925526
716
653476077
15890730
336769
604414621
487436516
61022
403383014
5
67178202
744800046
272186802
29816
95972
760525237
729147969
169678998
691
2
16133717
4293353
21
894900269
49480088
364416123
995327765
3747794
397879116
69370866
262841597
4912185
88
1919175
164502244
16248200
19
71190
5423
1236786
70463663
403453944
24
639116554
297102212
932037495
53715
745581601
962393597
71
184077
460683337
91369
8172
54
483677095
322137890
21
764725599
51415
812718
524
608140369
930224755
73857
396243213
580
59375
779
651730512
51703
522547501
123260
6527945
376320651
873794848
775976
427236535
903819125
94114
25698
274608503
8683
6
141466588
17
1085
37107
550
94
659317351
128096434
21
482852270
985543163
42796
536
524161377
707894034
6895033
107135
399
1114728
840215244
160086352
914790
943903575
383514954
71795
816482437
2041
663682332
1252
775
56376790
108
4
685988
186660527
278962204
6759
3
5240
84080958
6987
486113976
223747741
928374722
785669018
39684
808303780
9
262476
1529148
261019900
1
254314926
28152
26272284
331751146
958668010
46251342
4540
55160
6
73442
5419
64530291
260454
92778339
8
382415699
974529692
416116185
68613431
75826
150130829
569233582
5
7225963
21
89693570
943512633
108965942
269433168
65034
531
680081271
5282
3
559416376
3516
1
4
407330424
864829546
25891233
907500110
388827096
75
754004553
597
77
801597523
152902051
73189
846204184
857270864
71
3446455
3
834173522
821896774
793970313
84787051
465325126
398
592240662
890051997
998375375
117463322
406781953
9508
632
70
11795
740257
6
50
641595445
937507834
209623070
871928652
327409508
7639674
8820
30
772862909
3
12712
107802399
65526291
4
793646473
21227285
3139264
819109
14
585320
38492893
205869831
699876419
74756705
24540930
214859811
153840919
759776547
721288
6281
9715505
555
74
672431495
525425421
54377178
470623656
840472716
1855772
82
56530881
5347626
264246668
957325199
30593728
25106413
994585109
68866146
586225024
3406652
27938
8
43
755759905
618382201
594718932
566047726
459268
27814
812056078
947176763
489142832
809
827855
403643620
4550184
75754
775371455
867713867
573
688641056
338727543
3030076
6041597
860260739
958024031
276887249
915
230333115
395558476
13
779663422
427552761
6211
203
3662976
97529
88082
47996
4872334
3
589062608
334606202
6604308
9687616
8854
143
347088960
324330020
771798
694533603
4822688
282344246
58767246
851
60393
352506766
794
779108548
186723076
402738685
8
952733999
575396470
468134951
7
694663655
322763561
2853
171639028
41941380
375160328
733902225
808620
73199082
872
88640
19
7002203
961338
99562082
26828057
342845526
3
805818385
233719787
33704896
830557460
3
448741455
368230896
37073
411241409
979
414230
479886
4420
814154907
79795
916173863
180751335
875116491
89702288
506867456
5
418483
6906060
4
3293
292065341
692944298
44
764132383
278954040
98416540
582592500
226
199937832
6
94541622
84
9975
43225229
6
4525
94
229266774
3649813
603549979
627920416
147841950
964676404
7926
71
7
669309617
875
541534724
556706431
2894207
31470055
174261058
82394
7
195628975
17
4575419
720109214
486503623
3688925
9538
733873422
289283020
175065203
9450
528
8488149
190432191
84
8
260030287
559078738
4089766
8814
6164
965416896
26558023
202212637
3474654
80015
984
126127232
85989567
2
80801419
409619263
293496
912107456
534552657
874181779
48311331
355719
768661718
6473757
58515273
473926006
8567
496538008
6404
6
786931363
7
897465112
36
780
4267512
242
304767264
569477691
29
992724434
316147382
7
509645920
9915807
478
40
496124335
4
589091541
60609150
178790
457583475
696167117
703618319
358523130
60713
678549108
6846
628275052
6274813
875794719
7008
43
154582428
242
626
108619301
13281774
414040326
44673
6834
277363680
515624555
717972767
35581817
55290432
7090727
842455658
7267489
56538472
8
88909404
806216636
830246826
124017638
31
81981
86791948
914
42815
41
2216453
52487
78429585
20635228
6605821
916766913
4
76730611
61275952
4990
157906884
431472122
825975689
777832122
249192229
938806191
93943886
43604
173902511
784175899
2025
507851352
8558
1501080
123365047
943
587118035
773024491
8098031
108141679
700769
723020879
60807
924254950
496
975500157
6
49192833
705356176
850618351
69548757
826417
124006736
998400392
155569
147305
4
955315162
39281107
509466656
23238948
315821606
247340581
40059
32
149098433
40129
64
804075062
107123373
45168
4742693
6652739
456605984
270431
117
365501195
97
14943760
861199167
600727631
2884
96807
964040036
940536664
272333470
46271084
7
98196
473987
71
823641000
111056924
7900691
88
118095002
669858756
859591
82635171
835154
830114854
617
1778550
342484702
2916526
51407733
1
958212576
448410445
66
413053482
37909892
2033316
16824730
916328570
8
403234
4231
73
89
5416
130737
455976155
969437530
696632190
436376028
918950184
159937832
24441
714965070
350446487
521197829
738
384137175
33922
19872685
571990855
518951557
655195060
890
82352624
7
14050195
469921207
1
125139438
97
503518314
300738825
94
17
2901
705232102
574218463
32004
226703906
6211
129234878
402736684
5349
8949621
976810
33952806
1108498
44
4281330
307
295
555
80919
3071
97365
8390804
80084226
67
929206302
56464
14853931
652231552
661531675
365
253729264
760139134
612800844
2614242
678397722
4
9
2
391124401
33729725
162212072
522
117156755
817045720
927929809
381422
392312130
5822
103998782
360896124
2592
507727155
482
501297363
87
366118772
495754446
9
98934547
9
307457960
823350
515736
339809926
667
314215864
627269608
329766924
896175367
5659
954
5520
494215299
360727094
20805
85848584
5429
227622849
794448846
80
65553497
9964443
4
785067
657508
273285595
317414236
462026
648
198
4
258812365
60457361
119734789
300202698
745016
8
1019
59
162562090
538
871176216
6
912383746
82985709
6
277415955
896671864
3076
51508150
742199969
169785611
6063044
84235232
1919793
96483280
1538073
27219
20151456
85467000
706828545
2990
1117438
590566703
771
6186263
510488345
874467635
954702927
801540104
955447925
755803672
674882410
952193679
921630332
1305461
53640
401294036
805141840
698140627
26
936156
396
4
58172208
49
675315172
848744425
313827786
56
56
852412215
42980773
35369772
395183659
4828
570078962
634205
569117048
780328316
515248013
1796868
82
906870655
400572679
69967
21297338
421693
4875
785195856
996484491
83260861
476047206
7
118248188
190847836
882823
47089675
6562
720080569
30975493
290886962
824149143
513144914
76672134
759231
852331
597295704
7
78
9
8073922
49154031
194685007
791608125
940415721
11227936
762205196
266524892
378870923
536584017
802115843
5003202
7028967
709960584
651897156
42560
9631
608518
221
757
98
76441
882544683
7725427
263584648
4593154
666047045
5905
73702
78
327105878
733384533
30493
852255264
104636763
82016722
141761226
44
3367
876692960
8522
74957
447098819
551790798
59
209938666
44144815
61622286
3
7
480320160
9977991
167954900
383127021
290556635
410592519
372618385
448741188
150421698
835750729
719671
609
55
750353902
12719
7539389
934528970
402017195
99676020
74253
53926
623
8735587
274887
4
735229770
312921020
6287
17650104
223578991
945
4687990
2472476
834012679
1
353
305769366
634022157
9783942
882230587
777255742
341068855
6158863
509382894
607753049
50
94
74918099
53408
28631100
855544903
28300692
174880800
1560
278776441
8
756077697
515345193
345438292
8924834
3
848
662013239
561235932
71
875351290
12899720
64532
51929
357897210
5443467
92945844
916841
72577
312647
183671483
730840974
70
331598
7729
6450
416491338
152200770
87619081
372079478
513151262
23877266
183107968
704454785
6537808
351987515
748549
35411708
79
8313
12938790
141977260
364429
9052007
9
71117
542
382300369
4573
77321638
153315385
72335675
5799
10586091
854560913
465320598
296716
80073276
23879359
656
133765534
8359658
6310750
728858880
326743634
191124607
171707634
3709762
77389
758090
123565200
35331179
89082317
70001083
30042
71414372
9797
3175
593299645
87922
700045963
61889
2266552
851
8152
847910135
75370704
261196507
99682
898228051
3
1327048
14681467
4375
59809
3464310
91741870
815
684068756
477346
3352
207323429
7968
1070
53593751
850678899
6
510551860
351490938
136271387
312
795807968
9010108
151206931
222842027
693176373
665
718307
27701946
59
40567
257789395
20
849002889
182701299
7481
696207395
203850550
6458
80885910
3
448385068
28143717
3
711
918243379
9969
914688955
69093122
477809936
576864095
2181562
2919161
39
30384655
626274376
8
7206063
176746569
708621
91838
181669904
93
9105018
126
818382096
3159898
8449126
652773
348727693
770
152975127
362457
669130971
362263
152836268
109686217
794462114
675485503
39426
512371798
541
578071106
6821
494
814649546
27609782
733114562
36362638
190367805
527
810
464011226
4227218
7
827309725
2466803
183867869
537443719
998941624
98136063
728195826
7
23076640
55696
688
85
957656680
656757636
157586398
1
29295
805598865
6
518
987
997457069
838031563
747113862
573377157
14551
3389
283016
979
251035706
2288224
85221664
888916030
993
41336797
192014216
485498898
957813245
731086237
73
80
82700827
677072
4011
1492
51422
109424514
23895
772160821
581536
86
11
165122
9676311
6
840854951
696613839
11434
702
46112
107618
457
8
802
560859705
9950
9446584
883453572
797086098
775243587
28828319
796135673
70804645
905381
3
2170
4819427
973912
1
219299181
28491442
32109010
390715191
676866679
197
54562827
76494728
20
99643216
307042363
772646268
169549909
735539860
473719479
211551
833408
942884
576748
95619
58
420954777
885798489
78
16
88543741
776671096
81234
893668496
212899
137791788
56923222
83
4
42205208
48
19303289
45
50
369397796
208240490
4612201
704498686
746731934
781547760
4455201
962
58369
540517488
603413
701
366883648
95171
640447404
454284605
481380092
582587502
858444
550
417940500
5
7
406542260
732736816
48268
342
608521408
323329326
474803
44343
709122442
507318304
3343581
889215141
748989526
2545277
17031826
798825741
6097392
96307
620182449
563952875
555432913
108420524
822
679392342
4082
15
99906003
235
978836530
657628628
7551064
631997231
497666160
89218325
670590038
92825861
794566655
65
652
72
191999989
315
83913
82664926
5229924
84837925
11304557
24747618
985821680
998029342
319404577
67345354
477
487316860
1662771
277774699
389829770
849768541
496617
450349178
197959864
84526
174090216
27244
596954181
586
3
814
305666447
66818524
19126931
48292373
96630
183838102
54631384
141626416
931742872
2
970956888
459196447
196606925
38124602
362224191
11
900
462146860
1
366075859
761794
266544715
47414
255673575
544107845
354
304902613
937105
445406
851765429
832334499
9634705
560280404
391767238
289619336
39717
541532892
170950344
4098695
1402
575871627
49311413
28443764
185389168
416752
108455918
920306410
306
705008790
299828092
9471
677171356
54545035
3
629078258
37012885
5365
113545728
134571
273536274
182234902
75998185
119838
604811430
4
927906
13753
776
8073228
636368
806197654
176233101
346669173
202974345
560203
624200
446566021
5002475
899331287
255549420
2
983933580
79763623
655824070
168301487
180076820
5245371
840
553
164633459
25679451
1194
3
4904956
3570559
179436617
78
346
8100910
760959334
750716606
5279
83054
1334073
52983809
61735256
893673680
929892243
657047716
803
815094030
430891379
11962
775341370
959638655
1089584
69863371
627053531
61717246
5052
55644
851
54
706
775634779
420156936
986075636
873
744515328
370327069
909224942
132339076
34
300380448
619759070
638266598
50471557
791165719
733
51945146
52827
775450154
32088152
9
6562
347793030
99
9
442
801933113
463254868
20
98417097
559271986
250406
3
633056572
68
60759437
3583628
807553022
721985894
890180981
519298138
61387
290819418
11
3588282
42563
4445325
84556427
89
181477836
775227
65939318
407487568
368938
85264338
807237458
197968632
8410
69442
594119
47887310
38580427
174428083
892
185192
401
30
83926
35829
550
729475930
435
119588530
51110
707815898
3152912
645816482
968723777
147
36
688
20992223
97942
460548543
327307000
4919881
43
527217079
57753
925
525314156
6697
9359
30
70927638
698122158
5369840
4
69719369
744344008
9
731019432
659927471
53810468
685840809
19268
78327921
41
408
50083649
8
5
893848253
58804
957527161
843807837
98
364243978
4423
776
429749
14571173
129770780
601293652
737
1
857453112
9254687
86
9786
256666
88458
816
3405
289512617
6206
749246548
542425619
91
433008356
83
211
169167
28
835280029
8
47531398
453500786
170035547
822812
676524914
25126034
24928371
324758192
3
82567
25065
55102
105015379
1943238
537315347
6996
889
489
905282374
906582
77046
525230
281308340
1435065
431505
9475
945501536
93710
437475761
58371507
167629379
639743407
206
6236
19
7
249062523
338785
28
21
236615
53277
999
454
34716
118730401
77169950
49019
990775353
334846
3
340005791
56482
748818
80697
712878855
2774
759673902
13
81
849106687
385226799
507052801
9562581
86
4869394
4738
5433521
87
212989315
946533708
535481046
550210974
519
43669937
454887688
821893220
751
136702784
650046578
422282621
292631356
415243586
3
734
637470198
938
9835
92703
740085909
962
4
605279028
34305
421345468
989113
705294121
7496
571250091
310334736
54
223
730
10
468695386
5527775
241677930
191707098
758688982
6615993
781897
197184599
858
13
119443063
773905809
328630461
416746636
384405107
223902217
76914
35770277
73
959802500
267558302
788711251
86
16
18845788
1295
30582
519069439
927
348142478
82739788
706
928402937
5
674
5786
171693390
436443
43
807924442
314828
498152566
9
1659118
464195337
37
79
183234
617209817
955424410
96754
15
73630899
867910487
294538003
428064833
867118
9795
336992792
5
7968
97570335
74976838
3
822
7182575
3387394
401623331
33
372373386
5564
270832352
15
906
118186
632890287
62842
496298716
884247
1
50554916
136641494
606674832
307921
516709
82491
220709102
10465
39633528
61218893
2142
6869
412199231
593199209
76025540
4
99290969
375784000
623417094
7669330
84121370
51
7572
646515971
221858611
517618454
267046201
279201197
5
682750923
739934536
420914666
4061
232090237
378028622
771963210
342062255
781821812
82
2
926
5
404810421
38572081
58837
142544668
784121950
98314589
2687
820459978
23901227
582980301
319495585
2455
482489422
6843
3548
125896270
9964
686351038
525681683
213125
967586054
181
643539098
281917132
740088331
2666
152776154
682217388
293
513577850
70666
628717549
2
345387863
444
863448509
343
377162005
867151563
385199947
41899102
300663725
632531119
909691170
77902216
484595698
550444016
81443
26
5360496
78763913
754809915
369
185653983
645183
97932269
71109
51547227
9
304690276
252714514
7469
577162206
206122934
521211
24823
3
6488443
76015311
29
286220369
879262355
226232645
3
732857533
5
94194864
866960
94
49598
48359079
91679
77177639
4
120941627
770536
335
52
3
586079784
34042099
144719589
673432196
216
87
72794
4
77953
936955240
6
955906892
8418
498164943
3882833
491509224
153
1
4
175180111
309275
8851993
24
905919503
672
820426
7211
2939248
82397
198653096
333
5930093
832571
245942757
871
4
9222763
28733
1739
12940947
947223086
361426462
40811736
402204287
37219
26470144
7
522261853
261812
78421
410
536374096
4590190
5
914197
329583215
532252841
93371863
102940590
94624505
578
718233333
132931828
255395427
320203781
794
113900820
47065908
21
3586074
726035
693829
608
17357436
656472228
74058117
316381422
26481
6
167
38
8305940
8383322
8
8399880
240242879
57427234
181922903
661230111
854504
84882
157156292
276793420
702550432
58492023
14412081
4663
126841918
48612
80
926992
727577026
1699
344910339
5805
285734740
727175344
88
8460078
923826291
828098138
8134090
225876318
453604723
168
89472028
9
566248385
1
8224
61987
114
27812589
198251227
654996325
667777669
27
444404949
299587419
663308562
878360103
12
38931
42141282
22
118
84625150
593616186
542664638
127105066
7746349
74
7
81989533
477016039
226868268
306477
255196775
837629
871133523
710951866
43
4
29
78179933
7
9439
14
374
337134304
238270184
974565307
1
938500
707474675
627271565
228017
34137012
9302
349
32003964
172040705
23957885
986522624
87446664
254577026
54
86044980
330
768434951
359033058
420133990
920375683
468280922
348818642
767636442
8
756644322
284895594
510639586
9
680
844076818
489017275
6
745
15235552
156265275
328078073
918
670888666
51823493
128909785
53986032
8562
397389
8820
2772
642
175817513
212934868
25386576
614269737
519018815
745554551
709681
989
52953
336345322
118443185
108654042
24279552
39892309
135046624
30522
37393156
3
5968
12019606
173411
207492007
8267
20000091
20122965
641
777261158
27
149502074
772603678
1
563728828
274806
46
944712
280454672
147344700
329117529
389831649
955439817
6
5
72
37948
17
802324233
2906
272644549
909835844
88694210
5922507
565018089
566355614
1
8
119268663
6734
4488550
8
827768365
467466430
15357
132388679
352261964
951039
84578910
910616538
7
9
528
16269386
903060950
542912496
71
1873
590297307
952962569
64
797685
632796134
18666
13
809
7582
863909306
111105265
4759949
2
48467
373476139
620347755
937210996
363
8757059
3858
7102098
189823599
489302
262616571
184636925
2
3277188
694169948
651407317
761842862
84652589
895890
62
33984882
994357395
5790
142426502
36087120
50967883
659619
40
46827
2
696501776
301846374
882
39967984
978871523
25900756
6424
610897220
405797531
21196047
125359901
12438
278
79
977
233624
792796
4948153
925633639
96384519
615723
493
1708517
521767
927049987
506
239151161
569534894
329460
498983598
165320710
371896096
222969459
945080748
815002466
7062099
36899
481790818
484512734
336672195
328952924
6617504
959996
690238439
272
654609438
434797
913295460
4121
19853
986440478
905962768
345812360
542669121
8250
145114034
1
107709252
476458909
8564298
858959917
493125409
474600930
748811044
389843
16843
22809592
402393819
5
417133953
114
396628099
499089414
91
897382094
119198794
440
225
705718496
5
273383190
919538
311
554366966
191751882
664794564
280114558
503387331
720181
2493666
592898992
46298
816849058
709692046
867460
229
355935900
58
76821337
639
41576882
472365235
49226966
5190662
515336887
545242297
405
658799386
95738
1928866
292781785
846494473
590838892
710330
180092412
807883426
6140801
163594343
790120262
153089695
779998010
246507616
455358829
2549
700032
794623
5110442
740168083
345524116
93985
304974195
95312450
58387
643578983
264276361
46893875
2157870
195158264
9038
108248
53
524778183
1829
722646232
26493006
57
748527468
2676
8881420
562082982
317888537
7986
820824910
9675
981928664
5806
722649994
480977
969314011
3242
577165702
135
51390798
30005626
153938749
672149819
496847004
986106883
959200428
7373142
481821856
64951
594661705
19677
5
752
5
3
886
319183
858030680
33184007
24
19
40
175089181
7272788
3
51668
172432603
656258601
86113
7
77
9
2252977
440093371
375670575
627262248
2391703
466
3588445
820390084
10602
10
62902685
5423
122446498
20443112
210234292
207282877
739595388
561354952
830595421
44214931
8778
693
8
54
990485454
880098648
274192583
886174489
22603623
981993179
196918767
517480
65
6
269
216145459
931941921
699
463400370
8178
376470754
626646319
21601883
413436270
5950
266404416
277575
716610155
1
32065075
8671
769209
328110499
807087924
595547
233338003
724509046
61067520
9392
476286
28997
5915
582365
505096135
600963133
495467462
70597
1842
4
112462841
463
158
189
965336594
38
4649835
833117650
46333125
303057923
525653
16893572
20132716
323100292
871212
7720
484947617
8946035
17373
611765489
4615374
221862
332947999
7929
677235128
6015
4487518
209795908
24180
856166826
595
419643
910437081
29041209
91452
4925890
2637408
830
516082873
68691268
200076012
51372978
118099439
617696919
727483903
461984744
84488
662226350
368
304992079
936545327
156023276
286455
649
99290413
56678435
767
473
508617587
837601990
17836664
40089
41724
791343665
518880315
76
796
962917314
52051740
7245
9
59334548
846834222
210387732
151042993
260894041
5
27855086
935205294
65000027
657346627
4317188
74538034
12821981
718009240
739
49
760483235
223373922
350481998
858840742
1212
3169417
739
107066247
45841966
812841794
671869764
538208186
228739544
496728595
863561592
311089311
1
42939283
763433238
736006
2
9
6
62
6015
201154540
395929578
645071714
24633702
469229817
3819
8862037
500674637
693826264
85365
6549185
565012095
517008
96831
275
6979383
93726188
5398
8
409319
186419839
24989981
689398667
836948052
129262360
269917676
48951
90
495528866
308880923
535111636
7671
834667335
225368367
38029654
815
818749750
7905
5246916
195132596
330240
716487884
334195464
5
1194940
657
91146
54
305621279
428338424
5157
754407986
5979553
455008948
435711261
8740
19
3610
7
524178301
196629961
32
40476913
760050986
348591175
19
660463774
6707326
2916
9154
52986
474316452
181451696
771415724
946314
28446520
864129493
271235538
527
20559308
401
334180047
50
76
687093878
97462889
39
848023792
493778074
608344617
313636264
44017251
44693751
330227946
47
7346896
341512643
808582885
387221842
38520922
63336
81
70144399
8705
449339
857969258
572392132
494475443
7901826
875632891
397852848
535432
496434476
226426954
414514880
406987157
719491616
845637584
5908335
490496184
11910947
474388436
650416712
73
59985
566202135
40539
119781558
722352213
56340
968051397
527397
685311
222101255
718175061
122
527567229
30
158392
318514142
356569084
46355091
102558
526469951
601848596
9304982
5374555
818607829
592945003
318
3991754
2
644566960
619757295
292931683
4
3135
715636057
62
77
807291135
25
70
806132285
219693613
798
245128
225114392
600
984554374
4593
129846330
542449248
3481
18450503
346183
403949871
8
134507846
61723403
332594849
715960297
94
294988107
5417300
784204508
6174731
367
289437158
360443481
78877
9468
6
8895026
672197330
80828526
6444571
510195807
212874634
8
915259449
894
946934022
651158442
448149524
1830
982755674
4052
527862338
311
504380896
64003482
852903425
207307697
97
20413715
294
979184418
985084499
8936476
92355
731111500
653284480
5
25
71683371
381262
284
132133209
1239
567488921
353
4856
76
2
4172093
4978
599192324
218095373
7012
63502
9292
15555871
534189184
81
11897770
937521167
470871
229931657
3473730
331084115
574308174
7675395
325
53127869
2842
1
785010475
1
49251093
8577576
16921
136542531
21524891
9380
305041322
513871716
513630818
904802
896992266
450758578
23246248
71871211
4500690
256314
70
5
838021724
532
623707383
718781827
372653989
155177707
1893
750434491
302889855
95749
452323937
31525319
4551
283778790
73
265446381
5
36
27461652
697326736
8
415898559
678633740
16063954
445351879
139628
898825763
420470506
700049778
954760
386
40042394
98939064
492973934
925898111
991831510
895252
997639355
6102128
638921257
55
374111661
666754692
4168
53852862
7
622039674
933544102
92595
545663453
377725217
820779108
719281033
700627652
49560251
4484
339547101
8636
942359744
983594162
517363111
238061747
244099321
75976508
26
761071
335439476
87778
89253
222
1
577487945
314
653294055
22
280697299
245
4
8850772
689206180
77190814
8008294
92
298192896
54
428
33
882653989
15989205
867675939
428507
778494673
157051751
80081
42800
731643655
664568768
7291694
831325149
54
292095796
394588176
548508834
3009506
435937699
7156
37227927
799177
599
717643377
32
82
144584044
64431965
416224175
20472
77
442754
4242
75318
305971363
308
9201812
163796
393554
587727837
36
777333
776742282
509
5770204
232444383
162
909885409
4133376
8
460683898
404212184
52741011
881839649
889853919
753028326
449425600
68
61425
25
653099098
98436112
274576244
9889125
64
36703
376152226
863474770
318955950
13
528159547
156781805
625482708
5545445
8
517725267
869706568
225
295140373
22721073
543
712778409
134514
2282
21261733
775040457
310659003
499936803
278797
49297
13533
57354920
61
845270273
62
6
5
92677
1633
6712
4
419298204
859095487
57021555
669
178026096
32042
2011
826620894
882404851
563991456
971539749
58
759421074
520006432
490359733
596
804001914
69030
223588
24407
217
277201897
912
9
246821708
709910679
59850305
357
7657
8
914841213
503943337
673286299
7496
291005857
394
5272
308423309
621
496584963
4
572472926
4005
975810539
243618
28168864
881767738
102375971
888249374
503390992
121295399
6
6682481
409495972
684888900
95575588
21287979
486645710
90230
80825415
343
831
379
7
747117028
70989552
411422428
568983694
871359367
494847236
3
94231
871885218
8150114
1
7147
46768877
669674735
4401
237079957
112
726652639
33
771125700
69077
7
45840
924327521
945738957
899527
467372110
643935264
948199194
274099940
708656983
42213988
163631375
82830282
9310288
4941975
914
1
66
767025891
74
439424997
47280357
301664
650880829
824764899
296086452
508045
379699363
550935696
133867601
5933552
345924872
376919550
1914880
466318600
82668377
20610
397119963
77
541849073
690756733
85821332
123
75648489
287381497
863130854
711
632015163
13158430
3
878582922
711449400
204701466
340549340
546541856
384608497
121351
313498897
633
186431641
4
1
259184080
4
950925367
869983290
7503
800245
53818
11892722
80
995932008
772918822
165469269
686495466
336221
786724
68345393
188741036
927
294
325111702
747969289
1132981
576244037
519
743625498
3288
189850167
6337368
171801828
34776909
9202
66075285
7106
510550
72492
857233437
231579148
315569683
241683608
373784837
392622169
1877308
116891125
709224
4607250
1005
899013268
271737572
63
247
93888
158852220
18
86080
40399367
22
20
815564664
602492
850492656
2
302082107
728301441
6256062
11792
842732754
950936007
455
12
520643452
400465
7933
690941290
8
274011701
9049
3233
558424240
129610054
36145
962000264
6102865
988747463
2217603
7143958
95175
844259642
345183397
558586816
143139610
18084443
258908582
98669
162241953
233390914
170264942
354344850
829610149
713000
729116
994802
63
863188053
28905
977652140
79
257578037
6
489930555
461643991
72
997584
929545338
8364
732537
407398482
993935
45174
139795842
5247864
91759856
478927320
8915
530243490
8002
932016909
85843547
218374936
476700623
9918
6
9070
84
8
38635709
6072
4
569148534
9700185
993986004
444039914
882480071
19118818
41006967
273923660
485717310
872117894
66360
14694
9270891
557345037
8
8914559
906935841
69157
6777940
8500702
2111747
7896
369663179
49164
4826
999142430
223305531
162496698
6694286
272
356682080
139986387
954
900658423
6271391
265707758
400138
603731122
25002
7219849
974942888
79335347
179105649
552
451050524
21345
3032123
4896837
5549190
98252074
59963592
166195736
1366
324202724
164756846
965091737
762
35429196
828079222
5309638
46011
682103284
6
898154477
75830
270311874
86297
32988901
887764214
57510
218211955
565272536
605877292
6654290
737
74167191
833112584
135668174
51384459
281580678
564228267
51181
989830
24
230216051
663838663
630783981
61226104
301006
2863
17
19247
487771228
17
671266789
86
635
304958024
693
17710549
109179059
92924
13598505
644000323
8139
611968263
630180
36670
805170027
1783
2903234
103087603
931858383
5179
166802267
4095150
673660016
647502505
223351236
93
92
416168211
16
81550044
705662041
68700
957645424
5413
750787171
35
778446246
111962
975748493
773915329
571541039
83500892
87139
853111783
6
81
6027555
406126879
9883
75566
43017
87772
216912610
546
34953135
649813625
883534738
730
28166026
74779046
4312350
17
10863
962994951
885389636
199729
7660479
33174899
972478333
761115319
699087468
490804436
613411832
625886838
654130216
626451673
392
639888275
88729
726394320
4
649
92478434
82387
9351702
541386294
3542
8298936
535791590
2
85923
926
425
42133145
92611076
217743813
805560484
37516
4306
92493
71300
4
274436561
461898262
98
124088686
514932170
467285465
89498
419005947
43818
729
122176134
418746644
3
96629
92990472
4
31074
5664969
441715514
356089910
50730432
5
168
16
26677
163335250
781070716
75868213
218102
3
684
87060039
210376779
407937
685122431
3
874
74605
495
535723244
9645
5327993
810816292
427409
284687068
151700808
794831764
7110524
4819835
571458579
196921852
2332
2862390
623873375
973393
1285
3210
5
241205531
374102288
65
5116
6109
839900131
953275395
7
97166
782998997
524690866
765541286
868751840
937447160
929252753
915311245
246
4327
372
78911950
913719364
114304522
72892212
222103987
541797092
3378
168965151
982222164
949033960
88
609337
155821
877493758
542147552
658107994
665567282
306991252
4057140
82
1098
91
7493762
83726
8832
77598
872365676
502240588
7406543
524
59317646
724
272739858
6
24844847
4443300
250743821
176
681218455
6773481
53414460
496014127
904379254
856115445
732265020
6076
927241698
199
572695034
31427386
786369156
572369447
200237856
778626885
94293309
72720699
1054742
4551878
726764092
2112790
18567993
40
764367557
3
8705
800912047
254355666
979091826
616844455
3
76771
52605256
480328022
102072975
65
945928096
522263010
633228584
869216530
58458663
2
4972
575179349
919036528
854
887165
51630814
42
774257655
410054782
349509766
373
8621207
34536379
539453
580555757
600111434
865285574
1539233
261732805
80404892
6480
7538622
675962366
396297562
905913783
7
991738070
63185716
966428
4
787438656
684755040
223041552
526496480
362802640
410314687
772209560
975593
1
776208
321450
951615374
99
4
16801968
1154
30128
831
4
503316
439697290
4
756201
414161754
6162
8456
23421
620345627
854825
497960995
60618
550505314
993819
615612762
20
661
7
8865387
219406028
326884639
2434563
402175319
6090
373051069
1685061
70185735
9351237
6244296
14645590
383932310
358230652
44112675
2996638
87746302
766646736
969090061
69832060
638805219
437435242
16393
110144475
521702403
938044967
35841
69102
116788768
2343415
19065136
2134068
7894449
944
12306662
71195827
20466683
824362754
52046037
22
544173610
98913
982920594
740
689997516
419764615
43
8
878203126
94
75240005
650
242131693
192119864
58241241
91
36909
511434955
838340835
3781
264779617
8
9539
652
928937981
84
6343382
392184063
212470373
756
87
931
554217
136803
1889
432084624
7293808
44969675
46581
178
113
54776
6562
761629360
786613
943688002
825317
90141
353549960
864113333
173640
797613781
620
37
210
5079947
91209013
45016187
9997166
97
2571340
46
217714717
2724092
59627
542099
580458016
870070
62320696
63039711
54
30288
94454170
6789913
8958914
762905034
291940
4
374519525
961654580
72056690
744376
84409508
534046684
99701
736247499
498082274
130
375416855
161374991
2565369
8024076
8933562
421356849
8587076
716498
898690764
20987
10859234
971
989
205734551
58
487
395831329
469432282
844147345
4007
5280537
92
5
9
725123
399055645
876588774
9
600908917
927254874
76060
77172361
745073915
9
373292384
816013736
865
37157243
7115609
995869929
18664
838
63220214
675898620
399476805
4437
8
3191
830430233
9
40
19569
4810
16006
950172
89
681321778
922224028
275
914921332
360079826
567178826
8901
45
31587957
4
7586
46
94525728
310284650
1889
5
198461662
828466824
298572095
696726
12490331
3281208
85156810
974702231
28366
962693464
4
94747729
887620607
925
155369
68238
53
77
9246
421214933
503987232
42918815
6
4
908636127
4981
95
720780140
34232
32
20191474
887913621
684510717
312392154
66932
629702067
682231
738228933
45416
232200271
293072924
690845953
10304
267560570
227037540
94374026
3588
891550123
73766393
686236495
78
48
4514
595536444
937018086
40700580
639530002
1377
164
854170420
533431966
34830368
498554
22304094
887998643
255634929
483269093
9
4
627664823
265375359
25504137
899575319
8584
23627
5
54842
441397023
922524200
7103487
757003481
315
89
304672594
46329841
69848768
860317034
427187834
706099352
353067070
6666
273748
872090047
79
41984242
714905026
671625879
217729190
16720
891
2230
909692
392607740
54
615183778
371448619
5
108085
459373612
683
633227696
57428
19
209803179
3020925
668144
4874085
360040740
1223
705759555
8286906
960756687
725610
552300192
829760537
712787
97591050
33
472489617
310092
51190730
765482
595579550
64496695
539752125
929
943829629
795911953
492826885
662686152
21859
21853426
1
5518
994045283
259030764
703714315
5724361
44
33390
216923085
957
176792260
162231796
2753
21598680
7530625
316932614
660261775
965544337
40273245
495
479
5320227
587655
667213730
33
20
983831031
270757077
930255660
598606
9660337
873
71439
423978170
173288009
228775108
854270651
90133
511552150
8364299
4347710
475855979
659875763
2963583
100359648
5321602
334598
62
355641
353
5681641
590682763
487
833209427
870011028
523906819
1
950184532
9721871
338447553
960376738
6194279
83217374
557169103
5883
657265079
83
666874163
846604670
262239806
482
190460035
372818348
8306
2104007
70134874
5
703564630
688358585
7
411504977
9
6607
620
12919
7
4
344618968
279933
48
764806
79055969
394450855
7
470977923
471554795
135458
2956
8
8361762
49
572404859
15361971
75294
21
625868305
5
49528466
305531549
68828
740747086
265569
51
871307507
13353
551884
708445833
33
899455130
215281833
7222121
7
4075250
103702532
54298
5310138
891857978
901
45376249
168622562
45373598
64541939
32
3
856019752
44
899669283
585067483
3741720
420258926
548351500
35
574776942
296545865
938921336
804520601
455666101
81
6
29
612074046
194769780
46832
573414730
936544125
754753711
464097852
807750537
224701971
1
9369688
985504260
104353888
27862
139888090
198974591
323031188
68965208
2524952
65545
411848771
451328127
667
50697027
618279414
917423265
71
97039247
9933
57638740
50957139
50681106
883247127
1528
67445
45985
887
9533542
520443053
465559652
3788
8
9525
194768438
457243999
39
364971682
910282045
680678
454322649
959307204
234
62917
32433
476697125
633715
694504
83353881
961018330
62977
530272276
67688609
794605
731
712474176
342
467458300
698520967
261901294
846096558
794855
174527754
7296
173170611
104420412
977767171
91907263
7984
5179042
53484912
356147644
21316004
81183
45796
429833695
70
505902868
263895453
34555
6
637
174
695559026
716046051
614796893
3715
720621096
147568434
373030114
865827263
961780277
979
855343500
739630524
993027911
85604
583207632
253440626
5247
508718745
56
479331009
759700
842427483
17
218148431
71
54
711412041
239021
86863174
611488740
113
657
678209660
5107
185787904
557200548
929220814
1
93
279782019
2902665
217159
3366248
357485370
49245
480695444
170417814
2400
182312148
5046
935689317
94310295
166071757
857942661
62179291
68961
43727
39712182
60503
633144619
975706027
143
2508487
802371588
781849343
90180235
2149
9
94499220
246627945
8232023
421422035
29561329
87051
801221175
338536007
1
505
135477130
64119479
370613175
9455
175265652
6177
8073
8
62874535
8112
80660184
53440
8
54
943
760192653
53788
129000378
956544718
436028210
5481
87
373589675
384
426270290
4
408548482
320806846
87072095
385392131
559298065
41853457
335598477
581802231
926589
2416829
15100515
107184454
504681815
931075668
588217740
68215
646035250
702782
225276353
633
588
37334266
96280805
33712571
83
7394627
939860835
698414989
59674899
791560816
24071812
635
661867
9
754
583298155
45922891
857879204
894809549
911865035
30
106182
89
2
654270961
894327960
16
6151707
838941362
81228284
92941
8387023
227
371486
594821389
7685352
12514024
466
45457224
19
814099223
119
52130
429255
3441632
320730716
547371061
670989805
899
990274188
4
13832873
954559943
9419235
78960
469774584
788990571
308366208
210616311
417967839
418881098
6
81407287
81581105
442106519
75646
961904802
716214915
80017
623
147084
6189
881282459
35834
854090619
741681469
899839
68641
3618158
97860749
664776344
475008599
505
8946258
97862202
27068166
62321780
969200
728761508
315100015
798458
903599398
1
6
1146115
3022
142948
606290854
984369268
488864112
184041885
774199594
26184
4083
2105021
258093020
66
46565359
1
669299522
964707
346891593
180735532
34
638590555
61787
590515048
516083960
71977
13962
536611394
48020
384449158
657195101
790
578899734
885896331
369287690
47146
7004603
782932
300
38393079
730119455
290035281
1
41570985
555652381
806332652
70
495473425
46527623
803514144
21958165
596914539
296312
5
718
438971496
1226206
535658317
823982538
109844367
706215147
38956
278
422627553
6
914347846
91043
436981
91
293035627
9
19599172
7246
4
329092686
801
598873160
322768556
942417860
8399521
86665
3
595657117
908463559
884306519
67250
22963
7545100
519597605
88537
4772890
172505835
98750928
508665038
19
5898
6609
321714294
6294417
20618325
419414748
31
841535568
806656737
66962040
971703899
31477
493791
5985
40022135
13
382950449
598192015
48435
3440337
868
515911568
2271594
9945
449095506
3589750
7206
398342549
2936067
84065
572380219
421
876785
679
2926
98935074
28
7156906
2
6298131
77986873
96452
906263288
59218318
291660593
575015420
790457583
712767857
65198052
499783425
31787442
92367804
1464
219537874
69998
71041236
5001794
669560151
920322000
363433818
2
5
5
878837221
60
393
999753364
525058635
96195
641886847
87
1175332
37019753
63627
51436963
611
9139
79456998
544230409
5062750
57368126
4
217690
390058770
6
9250960
5767
505330727
914457935
5544
2145
160644988
973
38696
46243953
823654006
71879576
73629248
272847878
498
22
15365
785814682
30949498
9
91044069
4324465
2051291
590336484
616331110
98634345
380804793
575
2743829
464671
77915644
835253008
16
379279549
105662099
516872159
43
235463426
51674554
69445
1281712
249500783
844421
410014121
605944746
218773786
780253
2564306
4087
8519
9357758
6594257
755278758
614
68
9
15586231
670666
11684
308
44
510202105
686976002
301580875
239898596
989316306
695597592
63
399558364
33760
279
340894591
331769722
4
571
552296471
154892238
759405754
4
378
68452064
373653685
20321
649244571
1764
4
46476
501903951
349603425
675243030
670
659834078
644740390
3848053
5626
667588273
841
393136822
45649711
54143610
758339398
555963322
69
5564
241
190215
821363
99078
826836314
4661
7
732118660
8400815
16039159
68328916
6946
5741
9749923
6014
569585956
509478402
646580644
944382
70017
319426215
118385
12598776
55
175
760
979416242
395927
34952
41
134
694638
628825196
360528
225005159
361270625
867453876
24426047
543235545
320
5948
2684
240604457
9
84564064
878084621
125
1705154
568
649584032
537411628
537186230
406831281
680813404
26735993
29516291
802358129
72153776
160269190
17736
608
896165599
674
254853054
1616
780418150
481486
8260
594042978
611
99114
1514811
463817517
152078
51916
465094063
47043627
1175737
872233849
9046
858367305
1871
981296329
373911393
95479301
719975
2
13
1
9888
317129896
73404083
96
26377132
10969734
801871844
742670904
532113780
944865012
380956081
80408679
5987336
906640416
63426
194002262
3894
6062013
834
59399
3108
55732337
215313559
4407194
43826973
5823
7193959
34
6307
367404756
124588911
41741
4660909
534843879
992981317
721017213
640154548
999147640
370863988
195445299
973436037
747711
659108617
211974188
609575659
8
2746
618955060
262060020
1036222
118794204
35
40
189862491
281268711
16200876
23197382
8
998740
760531191
3
427785988
624746879
28450188
123
808204094
245325
970503216
4
86
977243652
983543
2
691345977
776696193
41
73159
1396232
63934512
606567616
994146667
658967981
293612450
11124
99864
398037558
357156465
273875
937259158
5691
64750880
330378062
41949634
180611653
97
55732
7667
1036728
5594
6323
420495922
5728
166945265
15414330
89257310
15828555
2
519091405
273245166
123860075
865877860
616213213
84271
554702869
776273215
825359676
901786734
849
616
777354462
24385911
7809026
2
446959
554490316
771038886
885060
8573
55948
46
216271061
686159805
759
161079737
574907943
543562331
442879700
828135768
334
515031306
640
2
7322
8179
512560933
429979710
64083120
21640
258749967
661717
60143104
459997470
5
301116951
6
3178803
3682
28901327
8981
748
1588
33
6410198
9156256
126476184
363042750
542221401
217790668
6227
158
928776982
772119
258294738
4
58588973
121
115068449
2752663
993777
865557025
531077548
1808
86837
50705667
1284
813441592
922012454
2563
5
175336631
2
51
880367878
184546938
6322
542702
387778902
129
838215989
48899734
915479033
539982
80306160
7796
3335839
975548941
2
216060334
824324141
7
594544
361670213
82511812
5
604304203
6
929690023
236848875
842051
612
702086364
24422940
3099
874481733
169580732
582767570
668826
410750740
845892992
907024458
912232707
9
185
2741095
416613469
2
2781887
751919571
199560273
868
977157193
217953548
854466077
5341992
188
251801011
93
136
6198
803355975
742812068
638886766
468088376
9411079
178958186
21
42995375
74925614
71775
251854812
64056193
76453332
441316247
54110
7892
1941
44163087
69605
77387
965547372
52971797
64580
424503777
1291346
892297512
88
6712
86
874927143
244041964
563425876
38260073
150246825
254385338
8
788
2
64982893
4
10486294
968026965
31
943
626809105
39455895
85
2748
26
4695
583
46189
295609832
22055
68
942749905
310550686
841263769
28257607
210338193
808276517
764
918753
301
741
64702
54
614045004
4365265
678392701
1872629
444858260
84852
8
9051
8
453628756
120
830011465
5090279
503654
370663
4251
94769096
917870096
591318398
433096596
126
727101894
95
14813
226
940586020
2
773500
942730
91
7998807
907262
939239294
574692525
961574446
1310
126
9
65
9363
561
668968018
8
2007420
830541357
181859667
9
812095497
660557521
16139
569716216
19
983205624
383145
69349
8916
982246004
809160497
420809114
512744975
424292657
91
92270025
859552156
867471895
489193442
860205872
33874276
11229769
457062341
746298297
590225018
476860040
884172334
876631677
59919677
613834163
4448106
181506702
653
334287
82592258
566
82865706
14553338
27867105
692033
6852443
8566
68600
539734210
1082
293550546
24775
657801
5
3572313
488912026
925506025
96469458
30611835
781390
965674833
210
414217245
1
735139942
92495710
709507772
9
56
625100650
1427408
343655286
664896124
1592532
15
8247
769808
78
11190435
304605198
21462993
928
348460462
78426
472
38921557
234646129
91748479
1607613
395
20312
403773201
116882993
9
148635521
42
7
317989
630484679
582983
84253994
9362519
643569250
648604288
2
908881
69
59373899
6312
998539
7160
543
341599156
705
145871294
1355360
964620484
766182722
187576129
504164584
31955
853591290
745360824
288553102
710420456
141585518
883137807
84
712608273
47857
696272590
97
4
488706343
2091851
724639669
8
434353115
865110
279978765
84466
41740
2672805
3292847
357971
14390781
434665761
516845527
4905
5713220
710092770
78073927
428805718
220386049
407465101
979006719
37029025
1
882271907
6759
883781147
824877
794308440
762757456
434161605
962871610
7
3
6946173
4
234602326
2423594
728159050
93835564
655305129
921
36956
800968
31813
4
954760565
8458
6962
927844344
87732783
88200
351024285
738880759
28194240
8869796
7
8770028
349691269
390831233
877685530
36
2990798
518796267
415525718
57625219
61898
881057142
106466032
52166826
51101920
301855207
952
5
749469329
458282801
7165
138003
142868853
258934091
656796929
642639379
7018
455818649
6857
7
824122814
94122772
5866
779203488
57
251891600
7343738
8
859514254
9
270
394
241110396
119309402
247164051
61118901
886231510
3
811732975
263972407
271
9915
546892867
38
744237382
658894138
824
8
894950850
1
971199855
480535840
172171664
612294355
814084613
794063383
5855019
60611656
95
71
508792633
386414
96631
707891190
698527
73366730
581
604362899
880750719
106556545
269304915
7102
177981803
379711
128267052
7
205
404374
664228062
753600739
806221935
818808744
2580757
16700436
131538
85209948
6
439
655891
570399258
978401841
7439
3976
53140393
8172319
128658115
47401650
716790
423732447
980
792883
38
450315
5215
419
71
27
475459510
111740428
215
69017955
5857573
907161077
549263842
187283747
1693
5725993
677133
8015
921237731
4349
22033
16
327544213
465298681
3136539
1047
623336861
25888
8569
685386711
117753415
74
5291
867253258
493143970
543325
483423005
897910451
200191115
276744
607447818
418013
847984379
572
7256206
241054912
381
4127158
8338797
879058
199116605
585033841
885080278
6036
904
467205642
5
593172731
573744772
5
307969882
232
90734541
922786
519195625
259606171
864726948
7
3959130
348544583
1954300
86158885
226
9148424
84978
206317
9512094
12271044
2
241
461934143
4
5407061
87
99713000
6496
41378856
79
617
24
244029223
565712602
899159568
9
726486759
11676
38247
199302916
1293
91913229
99
3584
31
841115662
296735
741330
178422168
421207370
2462622
70762337
489
753979
32801054
476159608
73086993
286984
15956
2262
1107
435968030
4
1642752
692260583
460977058
129
516150922
31485
34
507487909
725089456
700
511
9695085
9
743176
3041489
1002
2747
4070
51836768
2
655559
5780
705173786
335
15706
786291479
7567
249846650
834652190
106356505
471497859
3920
72438179
880836211
6020059
8167
50275154
43416
445135365
93
498
235747090
6005
39632
54005
970739918
480595589
79
703868520
4339514
38547
471
305854271
547540901
883743171
420851531
19
881919079
663044907
763543292
4
721387926
245797305
5
88340645
8
8157136
970875
467539494
965655
789706584
645046560
7413
2
3
261357495
734402221
84
1
2021
12367
2
5
102453148
27
47176
224087850
759907587
661680760
4048
9438
80255
427568650
610735968
302688733
136
3946
367841062
4937031
867073672
3199
36138694
802472119
664821
355534851
50282248
9713310
195953
24
567077888
821845589
77
56
31002
321842
12
621801
43457141
894842
8943790
3
231023
24134350
3
5836469
450776652
36
640166
4596
166773113
3821047
598435378
4
5238
8
575778586
2835436
94054413
799086510
20947704
71655973
80463561
8817155
706836595
20426
5
80214613
726735
21876
4
69329300
707673644
525662842
553254394
760015
995871880
89
924815212
742674887
73
36548
8
1
942131271
672930843
478207470
53883282
170407982
592115227
198264402
383584128
787500303
17506
65774686
129557
85788
783755440
96017
467284813
22655
6
801
76753412
250229858
2
200799411
985568554
196622610
410082325
68346
864365327
71909
752395
952780621
563753429
4
904
429772184
33
58
329169379
26101
64
127573269
111618584
35
595167536
1
828022753
171367756
2108
8843492
420
418832470
81634834
75
83885
231831767
808
84
2871678
789293964
911512345
164088471
241608486
55239
4193
191537002
9039
7
649
9859
325743219
904409846
202878
621431681
995604859
88
284876814
847854286
5798879
207
698027288
200146362
7406152
47396870
98680501
107204
282256989
4568018
851
61436867
951027871
1583
1889561
50596
78735
585713700
936575082
424003790
978734375
189192798
751842607
3145
793
38353085
496
4894831
884230642
931
112167542
1486387
587
209544
12957452
5291451
34620782
10084
555591863
804753805
356109086
831136802
87966504
222568323
198298112
24
850444009
38132
722049
798025
972170944
115955588
5052141
900004951
25294304
3107889
358954801
809533794
4830
80939750
112310660
7078
931231303
58921795
8460
504488573
480363921
57376
892107881
606613
193459727
3546
949520865
192103091
15380
644318
41152350
502498
87082
968
776454885
5185196
70873
307
65557261
44979568
753222655
178004979
620012379
870261
762375109
382292400
254
123122824
8820030
586
28416786
336474913
7469
20830
8
7912
8373
481283149
333200523
606827286
562268913
793456022
93
677022242
4173294
53365182
156266488
953529
53620167
67439256
144485999
899468153
49122
44327
13
60
435
8854
539
541508879
760286
1
6587464
323
391639249
877016011
258110411
198893965
971051691
285179370
375010084
940011941
346901608
666919202
670418125
411860912
167
82
246770859
29566
7533
82498653
9890238
641198
475
89845800
68
258362
335763803
747013835
265
1295580
6639664
187785
2
8189185
9
132383021
70
90509365
132131
1691
274805
83
8
995163518
450
24520502
748
1581
39843657
549877204
773098157
19965737
21
88182400
906085219
6213820
323405697
7409
641408677
774158485
1
2
833132481
389412829
169099
843901581
369
17537
45267200
756424190
431249735
442425891
93
352579122
27678
3439260
220394803
1706873
425443116
193289537
7
717334119
37398134
833944813
277340544
6
342613723
433843919
514296638
9
761625087
233474498
8695
26
220
570971234
8201498
5277065
369
86538540
67482091
2
5
6
60
633763
6623
565298767
61
172213873
93300933
3976879
90092
131960296
888258899
66834
1
230571849
52258
16
648105613
480932998
627732
925834209
1
896527080
641832783
82515
938874669
479
902839726
864372899
762729
253611723
672523056
657740659
776120981
297494070
84
3113
747623987
207688
59
6232
498336830
73
942114
63907117
995610
7536164
898663468
937076896
95
8319
2903380
459806680
110529627
284
896095
300313798
232816655
362783461
9926
576570163
1210
45
331949717
17
11729112
924136182
3399
8
5
750339912
6
250077223
939
179280560
543
62174066
105146589
9668691
349553126
17
121
479520865
827953198
263
137653152
604301664
629547890
409017394
840162158
1497
404
256
9983
7
898072328
253306665
995485686
135199116
516624675
200993842
32257
721301717
9
2476
80
256630681
851463573
7
93
1397
755568763
51218
3
60119491
690621
933504918
89778898
99759
6
93695
419575624
3996122
4175
599312692
392962234
663658689
981195089
60912040
26216
61629347
678661
415644670
23
222689198
246120666
957053465
4104
285037641
6
718784432
6
2561521
220833729
99
88905
867141048
6
8
9
8
489
36660
6603172
75
489278311
50581
73
839644764
184399369
53
3390293
1193997
917740933
385573291
51798637
795516954
2705011
65594
675547623
213844438
26638893
88783987
808376
218949088
924632008
1232
831806
947509017
983855527
868690
249237615
478
133652
86
327103528
43542297
3
314600405
8
3
504267
7
82917478
8668571
555008049
1823
54502
625657460
455291536
612559033
64566330
739
7733
53340913
134642671
2577
83855
952215
196306280
206595
277502748
14205
830088871
92126
5
774220887
774
4454
121760039
18226556
971312509
5773
506861275
812195237
297729676
46
84
199
64768
2971345
951836
9994026
4275813
942888
9
5323
404787637
69479229
937324
855926723
53
861798712
288974738
69716675
883471451
84456
885254913
561753384
278419423
48702127
478589728
6
464
979789427
162649107
9836187
483237326
4
94
5
9580
297900616
782775404
5
337023426
69102
528219282
87
944
4688
998771592
36784896
31
13425
610114381
695064100
12995
275923027
9
343163086
517614956
21062
977646921
207391598
7568792
41
77421456
63404447
588613196
372925929
1
956191980
165313224
52899198
36113213
316216044
183
78
65
4041
91
410509144
408824763
2309
306797014
166941
32217628
908661512
60
747493522
225123121
177099890
573041002
54941
22517
503023794
991674
920946595
602
77329101
42021932
9
41790
738362958
110229298
756549536
96600
35508830
702357128
527416545
2
8572686
466057247
107990
28
64480068
63370
8394901
148072
743740236
868476386
216740719
16521721
204093387
41900
622835734
5
54528919
905574552
680628280
605
542043504
9833
68
777111345
99249
37962173
606409808
5995
20020758
149104633
739340065
4851
879434766
411212543
726
133426998
1855
837530739
617648557
137528400
6
808343077
48718725
40766859
82157
40314
7765
841140
10758072
21636277
84399529
44242
695131615
476
903170926
2048041
5496153
3660670
190
859541077
697337788
897817834
933
135068162
21218
988235372
78168386
429693902
953439174
35
9
3822263
19153
436418463
52646
126028
3
78
231915904
592
577267793
7
804236521
62348
6389
3325123
1
23042104
22947540
31795276
1593
275
92549
480721717
18657701
9059400
574241594
8504
862315015
73674
6902370
610740691
82
173433042
508943941
123883391
4354
458578419
2041385
1172943
540
9853854
263746311
8652
310685245
15482909
576129573
55545302
514005707
58896690
14
512259689
95441
986463872
421491187
958019
8979
612090273
58450834
728378825
2048
5
229
253413662
940233886
14521179
378376852
394642394
140249861
788469941
8157
56031377
764250423
476
864151
240402150
2194549
222625091
909143405
517045870
429244216
74270668
885583176
993698071
618915735
622210824
507864178
147871051
548189444
602764010
2594
945009
760433557
953
68488665
45965797
3331366
664809821
702540226
13
13399
4279270
402579600
3194112
430835774
2781565
889897546
568028091
8036282
8002444
2097136
549898195
534536926
762355905
445
19
73235
896820
74
1
244630952
870277691
58261
500483420
851
885371100
116649999
69546
71490851
84589225
593920
2746775
6714
9479116
51
7
1110
60489
710700713
965007228
6
55720439
597046253
626245499
598688891
8523
10297876
50803443
264598382
1048
637801189
21488603
241853647
213051685
6516
293114886
45
459
54189409
804101926
772925418
640303539
8
190671826
45535
919824
951313524
889938975
35666216
6719
6
891003764
126320076
108234254
729206117
267294782
206805170
93167005
8
801509686
354497101
159428517
4536
1183137
142668882
912151272
292413112
829
5
4969
503335225
9516961
60078182
28774213
529583033
528029944
26
971283984
289634270
5009817
825436575
607645
986900547
8
9404569
731541606
12
290201
420696
283001
26196666
131299349
39144
648651651
985055976
102357824
299355575
8650
759398095
2755113
757164915
6300947
62850
5536
559742047
359305323
898820225
616652535
671287927
490284
825
5557324
53
87
237728550
6292472
284011097
926568
752304
623943351
62042799
230291801
7361
53625670
67
481864373
875515610
5809046
679334939
92570428
328327207
972180742
966
5684355
1946107
70832089
778557305
8429111
533
894172125
36277
704
179781685
49184
335044809
205
474853376
900490408
909990515
147316273
342857109
550574813
21119
31
3
794865697
10969
787659299
990
249149479
915552868
77181
794539103
371956011
118019048
174832341
39033824
213224980
15825314
957426
603
39357058
305676
18693278
1
397947489
288943011
37631139
52912
70431
100874
382538315
5
23
578
162215408
966308644
755636337
19
73989579
53615
950127448
438358
51901483
920656798
31031
672839311
766596469
7096207
96198
509912084
2209409
119230007
796902143
959120617
869113645
93
93153475
907943723
8685285
256046703
136292600
33937991
457339519
740
434306115
183711340
466307882
757423450
123349312
3
647495085
374803016
188
506629730
188793014
85
244368146
755595621
602722
48975
3278168
997458316
86
516
629271816
769882391
955306492
416565504
316
8
92415564
985132021
924394949
16674099
598584
734817018
9
599337365
9263008
420769337
633384
64030
7586
65842
6991
65614111
622410245
1100528
497389949
889212
514385865
610
964914011
659194631
85480
994153531
651939311
364182776
6252997
29970086
22945
935
6
15
713262406
871
14872737
748708409
540140473
77634985
78693624
201985015
231
153779328
418738498
158434444
27797
46347
922629891
19675
451815988
54944519
2133
175797297
25553755
9079
65179
45091297
816352393
714821036
489
40
352886488
276113211
962282274
255974632
1330393
119562479
52480288
276115284
782067767
643775615
488019394
938358687
5867302
93080962
605375031
8
913203337
227644021
612999807
36
62
849782486
488714
573649616
95182359
904490316
61774845
851320205
1
839099960
198088283
725829739
982553528
4946
1481282
716511683
437063860
154491
82543541
141261529
7515727
340
426092760
873442304
1796
917254259
398239695
852627271
895
896886682
486801375
8667232
326971378
5245119
93479801
84962
2964467
7846
620785328
857204514
205
63999
52399
2
132784343
97
4
830131846
112293
482254284
7922802
31864
973
670423362
55
129501018
91460683
2078926
9218581
263906326
8
433478
731973851
669150864
325286624
980206669
24147558
713499538
172482286
126221522
849
4
27360108
1149178
405780048
145351784
847523853
269240671
391
8369
906985750
7042666
95
930228492
9
603030386
382
48494621
682103118
264723679
999518868
48210
66182073
140833181
903833544
47159701
627
405259341
531756022
843684
152923050
6729
437225976
94300
538
311667064
893031109
608700912
871
18
5236
778600
9457055
7
544301190
824143276
160811308
683552878
764317647
2338417
806
43268
245898260
9
409
470967954
887509919
125296825
517129843
7
247095614
449597044
4107429
454019000
676355030
5156284
68
57
60152447
712379816
308273087
145
3759180
9738
384936
426
2346
33830
80878
102785981
55541718
134
6
263348
386883773
35
107582521
362173412
500
733147190
376000406
447416398
5
72332789
54565
42939
6393996
77662134
985556139
488480004
8711849
60513528
259871415
6374
6
452050455
653412571
1511171
3536635
25598
3
993371400
38
205181928
724508938
6927
75464
760
37027
518797565
903587571
41794886
5199076
680418014
856147689
999875783
210542679
33227265
85
778588443
9197
400865341
299705
484433918
227190170
53959
178576424
964538406
670
4756
46993288
1
261138664
23
571348778
896222332
376217136
31
830186957
235826898
767608154
339451751
361502264
896
455964725
580063702
426294747
14
192648251
32375
939329876
498132544
30931675
59889
946400424
97
576466831
615234075
963043865
550231347
398987609
2
5367
159520940
26043883
94235
87222900
87
92
74
554434592
22
723583364
933260738
196396710
706303019
96343035
349774291
954727129
3
727309883
499
54
741862956
6
723404
516126349
4706
43148119
79716800
2
609261439
846628988
49308
606454141
3
374948016
355707517
110230995
8588480
761652204
1147
198212
7
990787589
289884393
674094503
4326877
76
45
55254137
906
345408140
58936630
391765531
37
459722852
79165994
558584358
55
8448
80
19680225
55564624
56646
7
111996038
28548
940569393
255
4542
954514984
1545
86
20019082
758982287
17829
80
546265883
140854324
739
43048
5534
25642458
94
55623
5524673
339022093
676
83950319
600121278
888
7674729
721
584005850
8
93443246
36724
477366070
34
936878590
37072
9880189
1400613
372063044
784547906
226641482
601628847
5881
189766
605715141
5
8346
87979183
523169177
218404984
401295172
6953940
16914
532677941
60575658
303110233
227381036
952
41225
46252731
650078418
33995
514209
6278175
829714520
819
275819
3290746
736663224
56791
239
86627077
675
214918319
45105302
378985817
795876203
4413
9683100
479832229
397
665130
5
8092
29554660
9227
47971
673304402
643186471
242
659666625
478
844299610
21890575
247870
452020763
741
46089430
79987977
360999597
351939014
216938510
940181512
1952
4262228
918520712
2032
6945194
117925901
340409
724995750
12
977849075
661983346
39
248903
1
1061793
5
745
4623
66829
73840
44710329
28341422
222412466
146528279
55966844
5575332
979684789
40
244524180
82
98193852
159000043
558778156
65
791620
395592668
991382754
46945
818479177
707745235
466507653
195
1304
907435
966247534
856213164
2
311482941
286409229
327300524
61
9950169
730574270
625292983
32
53
1073
8648
577205549
49262961
8
305540956
5863582
7158
673085545
81
70
614534437
229757918
883972584
934432
852797516
761461390
4059
3
41
7667
8
25180679
933
59217646
973766064
676500601
676354824
5081190
622
1152728
635467326
762931955
865006549
679000
3
318297293
58458378
690381006
7454557
100495375
859503778
8350
674124015
512
2231848
84359587
6154623
19971
6083509
910483511
7
805191014
49686109
25
66571291
19
309366339
631272368
870180426
3
1827
456940926
564343813
301897073
4
360462185
449
957077950
7823818
877
968697974
332580956
679107677
467070985
98376685
534986637
334305260
738979157
78187137
90527978
1
46775213
4388
269834265
547672952
141785519
2452
520021705
3
791908
140
469170924
59587138
1019
190112330
1805290
7969605
280954759
4061
368482
89109
3304
1300312
11
16
59760249
878501854
712972827
709340392
71233
149037999
59827052
2615126
40258115
72
7
616115784
331210994
5
204725499
995926846
7681358
459013775
678956082
720038320
542104990
373395625
581912548
64605
61
73577102
958826563
1536493
424734
441420299
435577423
539754440
17
403319
746954589
531
249956209
306217660
96
32
701237015
94134431
6832
577209049
806019155
54826373
218033031
3
425968963
2
847
52566704
986631342
394869051
2503
47458
726253795
347006260
138125627
280985
267846022
117
94746278
74
769
848106
429019109
525271204
508232821
55948
34587
175770780
94906
605682049
3398194
4066633
91676
26872706
307292370
406859317
487782528
62285049
2211
82
6445914
4401
207951
122738
2314257
9116244
698817621
48183982
6543939
125758195
962365801
17177
212519676
89300
95683
63937
772795
134859456
957869382
511767094
80423916
3
772290685
22369453
253975155
898150358
271500177
1652317
61
32
24646
648229
39606
5
1
53658500
8281212
28
417115036
1567
46
633227535
905237711
4377924
36
973212771
58380
735837088
49
8
13522315
244691762
83018685
144
595124929
757980753
113540759
424693903
4
31
8
758817786
64456770
784857
570782542
90145942
96463145
7930
5099
55345
9113756
9
671862831
44486
468985431
254434880
87202759
127966204
8048806
212413299
2377
589110
355056262
444834
17703
6
3982162
750
651051
965437990
3315027
514981425
38465477
345726362
897601325
292607
39892839
4786
763
766498787
550219037
82952084
881774174
59
395517230
34
387370248
842479427
969982622
190288179
840356804
40657793
2
946614933
715708
342262447
369
994805940
25
942691471
353091819
6612660
4
78
57452
22974
402
561294201
8
63
316072590
870515809
205812181
868923453
342285300
3
771874996
208509779
717
1879350
3014977
7
604
145923148
303191038
566232255
926824666
1496648
515
7189526
6771438
903092295
130922194
253536564
189306
724854
531993001
85
975053746
764543158
914976823
6533
176225
81
1648
65329789
17709269
8224
280856183
1
53310
8
644171914
431193164
5887803
16
836
2352
63243719
50
7439
656978476
532837462
4
698376073
19921707
997960596
815901574
885969697
958425336
1891958
862452304
424535053
7
806533176
604691026
194925999
453580574
37150277
230792236
95762848
8
931220878
371
399
704056838
71
329204761
1
5334945
7188
137972836
92
9537
921
6
63226954
1386916
8089623
2887
6734
323215
913405053
28
6585
37
51
494602527
80606
380683413
705210018
776098890
48
5238131
686064800
862905452
834156484
76
553065290
706859755
746384964
922575006
4016
96618
23992
73576
204030
189732931
297690744
17
4344
827200383
6
20831
410073503
97450
1
822
730
6269
66017969
546014146
293
810469927
97004699
79
872129219
380033394
468501650
754130341
19387767
158184519
5
911558324
671113094
9
4
781342629
473
293553204
816
534196179
4008478
904281598
71869020
774934013
391263058
787494
18623844
662331625
27148
176531891
924
69903
985817526
694746385
31
666284396
6177543
153627908
360369744
296151366
588605478
323399
177698046
59
64671584
1725223
414611
9007497
37772
24
11048616
475747910
85022
31498924
25965852
714015162
38976
11345168
1120740
863287967
887752748
262717648
71388
122744254
50
846744916
288
577
530
411265931
97
67
607301918
956019087
631796641
15699
546
99410
79
30420026
4541200
284315537
8
58
129573935
623514597
8476
246101628
355334788
71706
757337957
936310302
11288745
6685
348690
61
858092099
59806187
920075679
873481397
39298551
456139578
712914902
1
89151189
821663360
353618
392191349
8
2521618
7543918
6
602562506
2909126
63465853
303062457
726675352
34794736
801360302
1417111
418402651
548923288
88
364041066
472061066
749438552
3
78294074
846240327
70720317
986236013
87
63
9
844555403
6055
430
48
24766
72
711323302
240198341
53665525
671777325
4425616
363223581
772346081
89535767
5490931
2642
690
9991
4
940943595
97244460
849996594
3
125671955
99054582
3898
62707269
106389233
81
298896
1015145
45410386
661
3578
928584196
879092764
22
681113534
7
62140344
296938423
581682
915115209
172410701
879174269
87979822
41
3290
8278
854387889
586891964
67296028
5722085
45
52270678
604237
881599045
5
37
628100
73731
787849381
1561
42127529
1266
314242922
7255130
1
4275389
92
8760834
6
3
5546
6
877125437
16
77389834
619231714
727319976
556948763
74442722
785381
283648096
657672039
8243
990
93430172
58776
797430
838123641
744689259
514181427
27368
5
1442
5858
408673807
724661726
97804770
511603075
3351913
4
5575032
944
8366
995716943
263441
652625749
210
3
950704544
1864882
503
353741428
10699927
866
4
6643
13333426
63
101630698
349490376
87868676
504176581
879021971
24081925
772681259
9793726
98
589381401
810379845
4
487065549
4461956
711124
205678749
764989566
539529477
320340
41392629
9
210
87065561
906080689
9402
718582527
87987731
500476
909669
14217175
9532781
535129058
475081
2799932
725006344
180699181
5
22034
268208320
779658
26604426
32
3192816
297106931
178615180
91520
681897130
38665
2134907
68059
5502492
20
160775040
956124512
687657709
895623
442999110
48959328
595960110
186426517
828947735
8613
1
134261559
615140127
4076
885204477
21
4121
31103958
619043825
471
812430769
587742
64732741
148533811
21976
60
66354712
88462760
52504976
98471
824990315
3
4
603587622
6131069
119199260
744
356751338
75537892
386136059
1
572062340
661862407
105477591
864089918
545534384
403865861
939416213
66449424
899951126
386022864
159478238
823004852
933341179
809460248
7770
75364
34
644
61193624
490551693
635545751
845911076
82271497
572891700
830244076
1
2945
113497683
645
220764347
5030012
9606
614847936
1
427128815
6
3
7
690
691786
818231932
135522
4
401588247
8
64584
432027112
651793746
593992
77228168
400
668565828
88290672
692710492
411424709
605700740
368946113
71
258434149
826658443
91
587855673
69
50253
525234747
191
227
758635167
6
10879
995294177
905868
14663
15445679
748356539
346700344
957253770
283798086
1779
17459
519378103
74
452205369
445905332
8873
604926858
867840932
56117
769627552
3062
1
62
385390205
52637966
834
804690804
3572744
3
344115923
916309540
882598110
808473405
40
887
1
926041417
527559779
4663149
352921501
728388690
711139412
93726
57
468023469
7981929
422330105
9544191
456351
13958114
64528456
6340
25725
831178790
673282
957
999966524
633589152
894946484
90370
296723545
101712731
86837
89514
285129
729652670
2118
23215
4456765
3169
493931
69237171
678957446
266419344
582711310
391203139
761905736
440011980
8131599
86
829091264
18512782
1792
973368
963124500
692
933784311
114400
82185
516687241
31374599
69797
6118
79328
3421926
2002
16383
115954105
1
3887771
4496
6871785
907752124
431
739
851670746
832123152
53515746
9
6
621391362
350885997
25222
348406340
954
484661334
960099677
2171
478810830
94
6448
111998543
996871183
336
462
893433068
5
244219834
814817
432755712
74436317
209398962
36
1826
68276322
864111908
712256943
126380657
474684853
212255873
298944
423773422
193142190
9
91363419
699999652
14
32
117502935
64340
293976252
5
9042
198882
58972
333638590
7
82059385
293781990
395925644
9658792
30233
566639311
44861054
100589169
54
71
685565888
815181265
84
873248789
183638515
751445601
784918749
2145538
45855673
627069
534639298
580144
772198645
312690600
7639
7337829
206153948
19317063
4034038
513713315
4050715
99869
68599523
35743
855120874
208252858
817120442
140619927
416212493
536832058
6593125
886998651
683227776
65
9
912376816
17
77386369
588239848
53
248144
453710
888676101
638071905
26508945
1902864
972658511
768663259
15239081
882629389
799231904
295591834
7373590
298813248
441004802
68
831627
3570
3
14
285112572
801227972
90
34272
49209
469211336
63827128
125192217
222687502
897121004
914941902
757034
392858798
857941
711053576
601840000
355082105
55775
283780283
9676522
49986246
963927478
9119765
807
9775
64326
45122848
938574234
637421190
6898
6018
920410173
506202459
825942968
305920278
843355125
623654651
546596679
870
587
2
74526
53350
205721201
555299800
585881905
545584039
945
3534051
541272661
57
775054849
78540537
254505907
5464239
40
25
817450453
77
379630352
6555816
9532
431789973
1203
801121338
271727988
502815232
53
901928836
369412168
185020
1
163390823
422788019
457
875
358857011
410392598
741386071
31788897
89200
93204784
651723147
92451445
50832
6588315
683245350
37360654
498
721774163
972
346656764
3690
2324798
21594590
999
351110827
40093576
905
77685931
989
7770867
993747165
85301706
670991745
553683
4596
123103804
5914337
3
77447497
9
219960368
394122794
65
509306029
3904927
249166312
200
832730872
327205285
7958
999586380
56
867501
367963614
5095
885316907
619
322
736943000
5
290531562
852727170
3967092
293510564
7
7
3773
34
8
4
876805407
86
820167881
861085
687236634
221224078
148204291
9865070
787904092
95
157318
7887
685677402
126846672
5293415
325268712
435099456
6557618
631223
577220
590375761
6
647323822
3
20728
343469313
907773604
6531062
955391446
840669
703352576
548570473
396050236
37
614
537337031
371386007
38829806
89264013
36
5
973893
688226171
89889
1038516
377434
806595
84141924
186288085
658
45
764289516
124994653
889045499
357935024
574230223
3816
228720193
97075873
989859341
518857593
752366877
808
647859248
6
75
606865706
224689
931353124
410005095
26489
95762260
34632571
268872489
304687223
472497326
3268386
646
8912562
521198763
686116911
338473886
973329940
4799
933727752
93174050
228682592
280114105
566039739
678942487
16137
54492337
454318
318076
2
420877887
416919
45329100
819665722
174265268
637774134
3
283143566
392546650
802165
177224270
709516529
70439
566896
319747681
343
387608794
34292462
278960843
564704365
233
563829844
119620114
621765
875429091
641933915
58250515
2745
770249573
5
6
691666911
3798
114231108
289666265
30
70567247
47513981
88417
588221086
546022839
43504731
349288785
4309442
523516800
933863139
31064
917346606
664238949
876055430
4359397
201791627
331324322
346825125
4
17119
895976845
793873014
431855708
398225353
539485558
276722526
246554672
536383
27
67
359798170
762897219
997901230
6775
949253950
37596520
8423
431413538
810620778
598095978
64927935
222466804
697333721
39971671
865
40369538
597414844
95
408141722
9
45039552
22939123
728132673
227548
586386594
115608
767687482
16315
5204113
552
268645370
2909638
8364776
8699
856653668
541156
671522701
42725409
78668
226745768
6773
677240801
778270241
56251
734
11
87674227
138943283
2026877
206172880
31848254
899783643
848584905
27705
565303651
725209856
1
579748
868471475
109472732
523665370
585
227
666576926
82450
961
806783376
677292371
27407892
994424550
79374523
33411267
4427533
48541543
836767961
867650157
623553069
490048750
61130
173110125
7069446
712219620
418
103478064
5214
605
5
26186
97106
491912862
37568276
537432
46713042
814065107
4771084
84710
1082235
102780479
29451
38455631
125261834
6245296
6
539631
492
4640488
106849674
5
656111543
1750
6
28
83413613
12
637767819
3739219
897069369
2922744
681990788
663
871139
1531745
617628204
845429825
933058442
211596654
4345196
96
90484470
98
5394569
2993735
336886072
801686481
489488346
476308599
782982817
395
262061269
211984
96489835
63892234
36
80203275
238630336
50989
29047514
5
2697201
281936742
398071551
643618
61730259
30882951
293876767
6557
84913
597064672
4094930
649
690350791
773580819
78
552115641
36084073
988695341
483069786
5346220
388609739
16
4580
117491550
7850205
300926247
740576263
733483506
3046
806770792
761772083
51
888541329
121650182
8
112708481
66
5980
28
90098729
722344947
894349610
18709
60
427247
709999170
251402963
806857133
1
140648375
315504293
4
85
950123761
999855189
411985017
281061560
9
34853052
2
692000
654388
66
309681358
61
984246468
835885
454196707
315989645
524735193
816061706
710263664
432680589
159938
9
200383331
252475869
93035
156019074
94967900
210501433
6213
517716373
88469022
39
26214850
6405529
801804516
3870675
99180
96472
1748
879
3285020
232723167
404147758
57466
4
